1 0.01007000000026892 16
2 0.00027290000070934184 64
3 0.00013519999993150122 144
4 4.749999970954377e-05 256
5 0.0001291999997192761 400
6 0.0001202000003104331 576
7 0.00012400000014167745 784
9 0.00012380000043776818 1296
11 0.0001247000000148546 1936
13 0.00011240000094403513 2704
16 0.00013609999950858764 4096
20 0.0001339999998890562 6400
24 0.00013939999917056412 9216
29 0.000158200000441866 13456
35 0.0002562000008765608 19600
42 0.00025129999994533136 28224
51 0.00031880000096862204 41616
62 0.00026249999973515514 61504
75 0.00037180000072112307 90000
100 0.0003744000005099224 160000
190 0.0007804999986547045 577600
200 0.0008042999997996958 640000
240 0.001043000000208849 921600
330 0.0027692999992723344 1742400
360 0.002998500000103377 2073600
400 0.0035645000007207273 2560000
490 0.006089399999837042 3841600
500 0.005921699999817065 4000000
540 0.008002600001418614 4665600
596 0.011880500000188476 5683456
719 0.019528599999830476 8271376
868 0.038993300000583986 12054784
900 0.03449489999911748 12960000
1048 0.05197469999984605 17572864
1264 0.17925359999935608 25563136
1526 0.16354630000023462 37258816
1842 0.25180039999941073 54287424
2222 0.41102200000023004 78996544
2500 0.584997599999042 100000000
4000 2.010386899999503 256000000
