1 0.01790949999849545 16
2 0.000261799999861978 64
3 0.00012509999942267314 144
4 0.00012740000056510326 256
5 0.0001491999992140336 400
6 0.00013630000103148632 576
7 5.720000081055332e-05 784
9 0.0001297999988310039 1296
11 0.00012989999959245324 1936
13 8.130000060191378e-05 2704
16 0.0001244000013684854 4096
20 0.0001339999998890562 6400
24 0.00014989999908721074 9216
29 0.0001649999994697282 13456
35 0.0003226000007998664 19600
42 0.00031239999952958897 28224
51 0.00033569999868632294 41616
62 0.00033430000075895805 61504
75 0.00032219999957305845 90000
100 0.00047679999988758937 160000
190 0.0010127999994438142 577600
200 0.0010848000001715263 640000
240 0.001076900000043679 921600
330 0.0025989000005210983 1742400
360 0.002995099999679951 2073600
400 0.003720200000316254 2560000
490 0.006165799999507726 3841600
500 0.0062926999999035615 4000000
540 0.007983100000274135 4665600
596 0.015207500000542495 5683456
719 0.019420599999648402 8271376
868 0.03089200000067649 12054784
900 0.03470320000087668 12960000
1048 0.05345799999849987 17572864
1264 0.09946239999953832 25563136
1526 0.15262259999872185 37258816
1842 0.24315369999931136 54287424
2222 0.4491280000002007 78996544
2500 0.5612034999994648 100000000
4000 2.035177300000214 256000000
