1 0.010014099998443271 16
2 0.00027009999939764384 64
3 0.0001357000001007691 144
4 0.00012859999878855888 256
5 0.00012830000014218967 400
6 0.00011720000111381523 576
7 0.00012070000047970098 784
9 0.00011809999887191225 1296
11 4.369999987829942e-05 1936
13 0.00015359999997599516 2704
16 0.00015309999980672728 4096
20 0.00015220000022964086 6400
24 0.00020089999998162966 9216
29 0.00021150000065972563 13456
35 0.00026870000147027895 19600
42 0.0003082000002905261 28224
51 0.0003239999987272313 41616
62 0.0002652000002854038 61504
75 0.00033599999915168155 90000
100 0.00042439999924681615 160000
190 0.0007927000006020535 577600
200 0.0008048999989114236 640000
240 0.001040199998897151 921600
330 0.0032025000000430737 1742400
360 0.0030053999998926884 2073600
400 0.003732799999852432 2560000
490 0.005812499999592546 3841600
500 0.005990499999825261 4000000
540 0.008109599999443162 4665600
596 0.013397500000792206 5683456
719 0.02062359999945329 8271376
868 0.031023600000480656 12054784
900 0.03677630000129284 12960000
1048 0.05753570000160835 17572864
1264 0.0870067999985622 25563136
1526 0.15296239999952377 37258816
1842 0.24037179999868385 54287424
2222 0.406522600000244 78996544
2500 0.540442700001222 100000000
4000 2.05104399999982 256000000
