1 0.00994659999923897 16
2 0.0002688000004127389 64
3 8.890000026440248e-05 144
4 9.940000018104911e-05 256
5 0.00012149999929533806 400
6 0.00010759999895526562 576
7 0.00011669999912555795 784
9 0.00011529999937920365 1296
11 0.00011100000119768083 1936
13 0.00011089999861724209 2704
16 0.00014170000031299423 4096
20 0.00014000000010128133 6400
24 0.0001472000003559515 9216
29 0.0001570999993418809 13456
35 0.00025610000011511147 19600
42 0.0003171999996993691 28224
51 0.0003371999991941266 41616
62 0.0003469000002951361 61504
75 0.0003710000000864966 90000
100 0.0003933000007236842 160000
190 0.0009441000001970679 577600
200 0.0008080999996309401 640000
240 0.0013533000001189066 921600
330 0.0024819999998726416 1742400
360 0.0032929999997577397 2073600
400 0.004387999999380554 2560000
490 0.006320800001049065 3841600
500 0.0072534999999334104 4000000
540 0.008326600000145845 4665600
596 0.01184079999984533 5683456
719 0.02029489999949874 8271376
868 0.03124750000097265 12054784
900 0.034166700001151185 12960000
1048 0.05340590000014345 17572864
1264 0.09862309999880381 25563136
1526 0.1542552999999316 37258816
1842 0.25495000000046275 54287424
2222 0.46193399999901885 78996544
2500 0.5500701000000845 100000000
4000 2.000574100000449 256000000
