1 0.010790000000270084 16
2 0.00018629999976838008 64
3 0.00013930000022810418 144
4 0.00012909999895782676 256
5 0.00012679999963438604 400
6 0.0001258000011148397 576
7 4.579999949783087e-05 784
9 0.00014840000039839651 1296
11 0.00012799999967683107 1936
13 5.239999882178381e-05 2704
16 0.00014800000099057797 4096
20 0.00014340000052470714 6400
24 0.00014550000014423858 9216
29 0.00016119999963848386 13456
35 0.00026819999948202167 19600
42 0.00032329999885405414 28224
51 0.0003312999997433508 41616
62 0.00025739999910001643 61504
75 0.00035060000118392054 90000
100 0.0003696999992826022 160000
190 0.0009743000009621028 577600
200 0.0011061000004701782 640000
240 0.00149289999899338 921600
330 0.00282839999999851 1742400
360 0.003968900000472786 2073600
400 0.0048337000007450115 2560000
490 0.007865300000048592 3841600
500 0.006414200001017889 4000000
540 0.007975799999258015 4665600
596 0.011478899999929126 5683456
719 0.01966510000056587 8271376
868 0.031270800000129384 12054784
900 0.03536759999951755 12960000
1048 0.054263500000161 17572864
1264 0.08827829999972892 25563136
1526 0.15351640000153566 37258816
1842 0.23835669999971287 54287424
2222 0.4073299000010593 78996544
2500 0.5797782000008738 100000000
4000 2.056061500001306 256000000
