1 0.011209000000235392 16
2 0.00019940000129281543 64
3 0.0001291999997192761 144
4 0.00015809999968041666 256
5 0.00014740000005986076 400
6 0.00013030000081926119 576
7 0.00012700000115728471 784
9 0.00012769999921147246 1296
11 4.710000030172523e-05 1936
13 0.00012550000064948108 2704
16 0.00015279999934136868 4096
20 0.00014409999857889488 6400
24 0.00014339999870571773 9216
29 0.00016239999968092889 13456
35 0.0003350000006321352 19600
42 0.0002896999994845828 28224
51 0.000343399999110261 41616
62 0.0003698999989865115 61504
75 0.000333100000716513 90000
100 0.00037039999915577937 160000
190 0.0007863999999244697 577600
200 0.0008103999989543809 640000
240 0.0013818999996146886 921600
330 0.0027061000000685453 1742400
360 0.003182399999786867 2073600
400 0.003608699998949305 2560000
490 0.006021099999998114 3841600
500 0.007394800000838586 4000000
540 0.008153800001309719 4665600
596 0.012222999999721651 5683456
719 0.020655900001656846 8271376
868 0.03187710000020161 12054784
900 0.035717799999474664 12960000
1048 0.06730319999951462 17572864
1264 0.08631490000152553 25563136
1526 0.1499831000000995 37258816
1842 0.25315109999974084 54287424
2222 0.39754569999968226 78996544
2500 0.5601284000003943 100000000
4000 2.0179597000005742 256000000
