1 0.010029900000517955 16
2 0.00027180000142834615 64
3 0.0001328999987890711 144
4 0.00011540000014065299 256
5 0.00010929999916697852 400
6 0.00010819999988598283 576
7 0.00010879999899771065 784
9 0.00010760000077425502 1296
11 0.00011110000014014076 1936
13 0.00010739999925135635 2704
16 0.00017330000082438346 4096
20 0.00014279999959398992 6400
24 0.00020109999968553893 9216
29 0.00020730000142066274 13456
35 0.00023400000100082252 19600
42 0.00022710000121151097 28224
51 0.00018149999959859997 41616
62 0.00026059999981953297 61504
75 0.00035150000076100696 90000
100 0.0003966000003856607 160000
190 0.0009960000006685732 577600
200 0.0010700999991968274 640000
240 0.0014906999986123992 921600
330 0.003237799999624258 1742400
360 0.004919099999824539 2073600
400 0.004922699999951874 2560000
490 0.008667299998705857 3841600
500 0.008852399998431792 4000000
540 0.011705900000379188 4665600
596 0.016205100000661332 5683456
719 0.026662099999157363 8271376
868 0.04499919999943813 12054784
900 0.049867099998664344 12960000
1048 0.07456289999936416 17572864
1264 0.08339210000121966 25563136
1526 0.26676770000085526 37258816
1842 0.3193525000006048 54287424
2222 0.44836050000049 78996544
2500 0.5824551999994583 100000000
4000 2.148437100000592 256000000
