1 0.0071705000000292785 16
2 7.749999986117473e-05 64
3 0.0002142000003004796 144
4 0.00012139999989813077 256
5 0.0001283999999941443 400
6 4.5000000227446435e-05 576
7 0.00012099999958081753 784
9 4.6799999836366624e-05 1296
11 0.00012279999964448507 1936
13 4.549999994196696e-05 2704
16 0.00014899999996487168 4096
20 0.00011379999978089472 6400
24 0.00015589999975418323 9216
29 0.00021879999985685572 13456
35 0.00027559999989534845 19600
42 0.0003141000001960492 28224
51 0.00034480000022085733 41616
62 0.00035609999986263574 61504
75 0.00040260000014313846 90000
100 0.00039220000007844646 160000
190 0.0010901999999077816 577600
200 0.0007862000002205605 640000
240 0.0011058999998567742 921600
330 0.0021721999996771046 1742400
360 0.003269799999998213 2073600
400 0.0037043000002086046 2560000
490 0.00588179999977001 3841600
500 0.005794199999854754 4000000
540 0.011219499999697291 4665600
596 0.011117700000340847 5683456
719 0.019264099999872997 8271376
868 0.030425699999796052 12054784
900 0.033194199999798 12960000
1048 0.05205889999979263 17572864
1264 0.08926430000019536 25563136
1526 0.14433619999999792 37258816
1842 0.23929069999985586 54287424
2222 0.39955479999980525 78996544
2500 0.5429796999997052 100000000
4000 1.9522265999999036 256000000
