1 0.006797900000037771 16
2 0.00023150000015448313 64
3 0.00013269999999465654 144
4 4.55999997939216e-05 256
5 4.309999985707691e-05 400
6 0.00012229999992996454 576
7 4.689999968832126e-05 784
9 0.00011940000013055396 1296
11 0.00011979999999311985 1936
13 4.929999977321131e-05 2704
16 0.00013549999994211248 4096
20 0.00014110000029177172 6400
24 0.00016869999990376527 9216
29 0.00022070000022722525 13456
35 0.0002804999999170832 19600
42 0.00031439999975191313 28224
51 0.0003219999998691492 41616
62 0.00032620000001770677 61504
75 0.0003434000000197557 90000
100 0.000388699999803066 160000
190 0.0007666000001336215 577600
200 0.0007849999997233681 640000
240 0.0015469999998458661 921600
330 0.0033005999998749758 1742400
360 0.002471600000262697 2073600
400 0.0036626999999498366 2560000
490 0.005928200000198558 3841600
500 0.005832299999838142 4000000
540 0.007897099999809143 4665600
596 0.011125099999844679 5683456
719 0.020503700000062963 8271376
868 0.03055979999999181 12054784
900 0.03579790000003413 12960000
1048 0.05896179999990636 17572864
1264 0.0844558999997389 25563136
1526 0.1415922999999566 37258816
1842 0.23451740000018617 54287424
2222 0.39339609999979075 78996544
2500 0.566128800000115 100000000
4000 2.11143519999996 256000000
