1 0.0067698000002565095 16
2 0.00024589999975432875 64
3 0.0001239000002897228 144
4 4.600000011123484e-05 256
5 0.0001264000002265675 400
6 0.000115299999833951 576
7 0.00011900000026798807 784
9 0.00012239999978191918 1296
11 0.00012419999984558672 1936
13 0.00012419999984558672 2704
16 0.00014829999963694718 4096
20 0.00018679999993764795 6400
24 0.00015460000031453092 9216
29 0.0002173000002585468 13456
35 0.0003484000003481924 19600
42 0.0002560999996603641 28224
51 0.0002498999997442297 41616
62 0.0002656000001479697 61504
75 0.00034569999979794375 90000
100 0.0003890999996656319 160000
190 0.0008660000003146706 577600
200 0.0007955000000947621 640000
240 0.0011205999999219785 921600
330 0.002174100000047474 1742400
360 0.002363000000059401 2073600
400 0.0036812000003010326 2560000
490 0.0058923999999933585 3841600
500 0.005795199999738543 4000000
540 0.00800749999962136 4665600
596 0.01130220000004556 5683456
719 0.01935860000003231 8271376
868 0.032297900000230584 12054784
900 0.033587400000214984 12960000
1048 0.05234870000003866 17572864
1264 0.08416760000000068 25563136
1526 0.15467360000002373 37258816
1842 0.23302779999994527 54287424
2222 0.4091003999997156 78996544
2500 0.5455682000001616 100000000
4000 2.2186518999997134 256000000
