1 0.006837999999788735 16
2 0.00025490000007266644 64
3 0.00011940000013055396 144
4 9.040000031745876e-05 256
5 0.00010530000008657225 400
6 0.00011230000018258579 576
7 0.00011210000002392917 784
9 0.00014869999995426042 1296
11 0.0001492000001235283 1936
13 0.00011720000020432053 2704
16 0.00015720000010333024 4096
20 0.00013029999990976648 6400
24 0.00016379999988203053 9216
29 0.00020919999997204286 13456
35 0.0003208000002814515 19600
42 0.0003013999998984218 28224
51 0.00018560000034995028 41616
62 0.000267100000201026 61504
75 0.0003636999999798718 90000
100 0.00039700000024822657 160000
190 0.0010360000001128356 577600
200 0.0011405999998714833 640000
240 0.0029267999998410232 921600
330 0.003717199999755394 1742400
360 0.012308699999721284 2073600
400 0.013129399999797897 2560000
490 0.015496499999699154 3841600
500 0.012731399999665882 4000000
540 0.01568630000019766 4665600
596 0.01713110000036977 5683456
719 0.02797080000027563 8271376
868 0.05268230000001495 12054784
900 0.046595000000252185 12960000
1048 0.061182300000382384 17572864
1264 0.10107269999980417 25563136
1526 0.18241559999978563 37258816
1842 0.29813100000001214 54287424
2222 0.5405553000000509 78996544
2500 0.6611395999998422 100000000
4000 2.1698868999997103 256000000
