1 0.006789200000184792 16
2 0.0002316999998583924 64
3 0.00013569999964602175 144
4 0.00012340000012045493 256
5 0.00012269999979253043 400
6 0.00012069999957020627 576
7 0.00012429999969754135 784
9 0.00012369999967631884 1296
11 0.00012699999979304266 1936
13 0.00011800000038419967 2704
16 0.00014860000010230578 4096
20 0.0001376999998683459 6400
24 0.0001578999999765074 9216
29 0.00021669999978257692 13456
35 0.0002015999998548068 19600
42 0.0003154000000904489 28224
51 0.0002407000001767301 41616
62 0.00028170000041427556 61504
75 0.0003527999997459119 90000
100 0.00040649999982633744 160000
190 0.0007705999996687751 577600
200 0.0008015000003069872 640000
240 0.0010787000001073466 921600
330 0.003213500000128988 1742400
360 0.002896999999848049 2073600
400 0.0036193000000821485 2560000
490 0.005905700000312208 3841600
500 0.008538799999769253 4000000
540 0.007906700000148703 4665600
596 0.011123000000225147 5683456
719 0.021604600000046048 8271376
868 0.03083829999968657 12054784
900 0.03350490000002537 12960000
1048 0.07087920000003578 17572864
1264 0.12193370000022696 25563136
1526 0.16849630000024263 37258816
1842 0.3444988999999623 54287424
2222 0.42250259999991613 78996544
2500 0.5967642000000524 100000000
4000 2.121192500000234 256000000
