1 0.006900999999743362 16
2 0.00019470000006549526 64
3 0.00011719999974957318 144
4 0.00012119999973947415 256
5 0.00011089999998148414 400
6 6.970000004002941e-05 576
7 8.720000005268957e-05 784
9 0.00010890000021390733 1296
11 0.00011129999984405003 1936
13 0.00010659999998097192 2704
16 0.000125699999898643 4096
20 8.350000007339986e-05 6400
24 0.0001461000001654611 9216
29 0.00020129999984419555 13456
35 0.000252599999839731 19600
42 0.00038900000026842463 28224
51 0.0003339999998388521 41616
62 0.0003286000001025968 61504
75 0.0003452000000834232 90000
100 0.0004372000003058929 160000
190 0.001150000000052387 577600
200 0.0011052999998355517 640000
240 0.0015637999999853491 921600
330 0.0030074000001150125 1742400
360 0.0033346999998684623 2073600
400 0.00534399999969537 2560000
490 0.007842299999992974 3841600
500 0.009005599999909464 4000000
540 0.023967399999946792 4665600
596 0.014595199999803299 5683456
719 0.020192299999962415 8271376
868 0.04482710000002044 12054784
900 0.07341180000003078 12960000
1048 0.10785160000023097 17572864
1264 0.11224529999981314 25563136
1526 0.15222899999980655 37258816
1842 0.23404359999994995 54287424
2222 0.4717083000000457 78996544
2500 0.5427973999999267 100000000
4000 1.9946807999999692 256000000
