1 0.006752199999937147 16
2 6.530000018756255e-05 64
3 0.00021920000017416896 144
4 4.639999997380073e-05 256
5 0.0001285000003008463 400
6 0.00012140000035287812 576
7 4.289999969842029e-05 784
9 0.00012770000012096716 1296
11 4.620000026989146e-05 1936
13 0.00011769999991884106 2704
16 0.00013340000032258104 4096
20 0.0001380999997309118 6400
24 0.000232000000323751 9216
29 0.00029159999985495233 13456
35 0.0002559999998084095 19600
42 0.0002795000000332948 28224
51 0.0003394000000298547 41616
62 0.0003478999997241772 61504
75 0.00035200000002078013 90000
100 0.00039969999988898053 160000
190 0.0007614000001012755 577600
200 0.0007809999997334671 640000
240 0.0016051000002335059 921600
330 0.002191800000218791 1742400
360 0.0030744000000595406 2073600
400 0.00505490000023201 2560000
490 0.006854300000213698 3841600
500 0.005783000000064931 4000000
540 0.00800009999966278 4665600
596 0.01108669999985068 5683456
719 0.019388600000183942 8271376
868 0.04657580000002781 12054784
900 0.03339320000031876 12960000
1048 0.05054110000037326 17572864
1264 0.08848729999999705 25563136
1526 0.1420800999999301 37258816
1842 0.23190690000001268 54287424
2222 0.4063390999999683 78996544
2500 0.5345548999998755 100000000
4000 1.9540484999997716 256000000
