1 0.00037507000000687186
2 0.0002085099999931117
3 0.0001563100000112172
4 0.00016353999999410007
5 0.00014781000002130895
6 0.00019891000000598068
7 0.00017281999997749154
9 0.00019047999999202147
11 0.00024376999999731197
13 0.0001531399999976202
16 0.00017300999999179112
20 0.00018688000001247928
24 0.00018651000000318162
29 0.0002963500000078056
35 0.00028090000000702275
42 0.0002482999999983804
51 0.00032046999999693073
62 0.00028629999999338904
75 0.00030487000000221085
100 0.0003767899999957081
190 0.0005517100000133723
200 0.0005598699999723067
240 0.0008052699999893775
330 0.001186100000006718
360 0.0012877600000138045
400 0.0018597300000010365
490 0.0031916600000158725
500 0.003129259999991518
540 0.004248689999997168
596 0.005614100000002509
719 0.008782189999988078
868 0.020310340000014547
900 0.022660649999988892
1048 0.03622531000003164
1264 0.0557530699999802
1526 0.0835127199999988
1842 0.12529282999998942
2222 0.20028058999996573
2500 0.25852326000000403
4000 0.8321217699999807
