1 0.00037439999998696295
2 0.00023709000001872482
3 0.0002945099999919876
4 0.00022460999998656915
5 0.0002361900000323658
6 0.00021608999998079526
7 0.000212550000014744
9 0.00025446999998166573
11 0.00022560000001021764
13 0.0002361600000085673
16 0.00019102999998494853
20 0.00022379999998065614
24 0.00024333999999726075
29 0.00023006000000123095
35 0.00025345000001379957
42 0.0002732099999889215
51 0.000253720000011981
62 0.00027275999999574194
75 0.000310019999983524
100 0.0003691700000103992
190 0.000690580000002683
200 0.0007019700000000739
240 0.0008819300000027397
330 0.0015265700000099969
360 0.001658789999999044
400 0.00240856000000349
490 0.0037813899999946444
500 0.004229219999990619
540 0.005658580000010715
596 0.009346870000013042
719 0.01046553999997286
868 0.023154189999979737
900 0.02633853000000954
1048 0.04320487000001094
1264 0.07123650999999427
1526 0.10997035000001461
1842 0.17455792000001794
2222 0.2680054899999845
2500 0.3644693899999879
4000 1.149161200000003
