1 0.00024862999999868406
2 0.00012078999998266227
3 0.0001089400000068963
4 0.00012528999998266953
5 0.0001053100000149243
6 9.327000000212138e-05
7 0.00010412999998834493
9 9.62099999583188e-05
11 0.00010102999999617168
13 0.00010160999997879116
16 0.0001161099999990256
20 0.0001107800000113457
24 0.00015592999998261802
29 0.00017435999999406703
35 0.0002460399999904439
42 0.00034398000001374386
51 0.00039248999996743805
62 0.0003867900000045665
75 0.00045582999999851383
100 0.0006155399999897782
190 0.0011138099999811856
200 0.0010815599999659752
240 0.0013203800000155751
330 0.002147550000006504
360 0.002542140000002746
400 0.0032406399999786117
490 0.005298019999997905
500 0.005112969999993311
540 0.007222520000016175
596 0.009144429999992099
719 0.014834080000002813
868 0.029884990000027756
900 0.03322306000000026
1048 0.0490792699999929
1264 0.07885291000000053
1526 0.1205570299999863
1842 0.19183368000001338
2222 0.2683314200000154
2500 0.3628094500000202
4000 1.1212499699999967
