1 0.00047454000000470844
2 0.00026484000001119056
3 0.0002519900000265807
4 0.0002465099999994891
5 0.000258920000010221
6 0.00023338999999396038
7 0.00022697000000562184
9 0.0002309199999899647
11 0.00023043999999572407
13 0.0002403800000024603
16 0.00016678000001775218
20 0.00020990999998957705
24 0.00020070000001624067
29 0.00023644999997713968
35 0.00022379000000682936
42 0.0002273299999842493
51 0.0002634100000022954
62 0.0002708799999936673
75 0.00032525999998824775
100 0.00037161999999852925
190 0.0008652800000049865
200 0.0008913700000221069
240 0.002264179999986027
330 0.001554770000007011
360 0.0029941700000222227
400 0.0031425699999886093
490 0.005340589999980239
500 0.005270919999998114
540 0.005559049999988019
596 0.006509979999987081
719 0.012652490000016314
868 0.027255699999989245
900 0.02696125999997321
1048 0.05158735999999635
1264 0.0737816699999712
1526 0.1115732899999898
1842 0.1798497899999802
2222 0.25489659999999503
2500 0.35448169000002283
4000 1.1406199000000015
