1 0.0005149899999992158
2 0.000239619999979368
3 0.00024014999999053544
4 0.0002387300000009418
5 0.0002273799999898074
6 0.00023072000000183833
7 0.00024223000000347383
9 0.00023613000001887485
11 0.0002389000000107444
13 0.000249040000005607
16 0.0002024100000312501
20 0.00023342000001775888
24 0.0002208500000051572
29 0.00023064000001795648
35 0.00021838000000116154
42 0.00021738999998888175
51 0.0002601100000106271
62 0.00027068000001690963
75 0.0002988900000104877
100 0.0003933700000061435
190 0.000725350000027447
200 0.0010269900000139387
240 0.0009203899999988607
330 0.001641719999986435
360 0.0018790899999885369
400 0.002438199999983226
490 0.004276370000025054
500 0.004144459999986338
540 0.005091529999992872
596 0.006662500000015825
719 0.010909720000017841
868 0.023618580000004386
900 0.026319200000000365
1048 0.04342970000001287
1264 0.06920705999999655
1526 0.10658939000003329
1842 0.16234020999999074
2222 0.2530405900000005
2500 0.333807019999972
4000 1.1185080700000072
