1 0.01736668000003192
2 0.00011046999999280161
3 5.177999998977612e-05
4 5.302999999230451e-05
5 5.1670000016201814e-05
6 5.035000001498702e-05
7 4.836000001660068e-05
9 7.252000002608839e-05
11 5.543999998280924e-05
13 6.097000002682762e-05
16 6.906999998363972e-05
20 8.99100000196995e-05
24 0.0001563799999985349
29 0.0001804900000138332
35 0.00015544000000318193
42 0.0002668200000357501
51 0.0003408699999909004
62 0.0004545199999711258
75 0.0007015499999965868
100 0.0006501899999989292
190 0.0018178700000134995
200 0.001414519999991626
240 0.0023218199999973876
330 0.004392680000000837
360 0.0058778399999823705
400 0.007385629999987486
490 0.013504319999981362
500 0.012744259999988117
540 0.01666742999999542
596 0.02277517000001126
719 0.03793425000001207
868 0.05895385999998552
900 0.0606730199999788
1048 0.09461317000000236
1264 0.15221680999998172
1526 0.24034468000002107
1842 0.4087457100000165
2222 0.6397414300000037
2500 0.8529661400000009
4000 3.14155624
