1 0.010246919999997318
2 0.0002811700000279416
3 0.00022923999998738508
4 0.00022945999998000844
5 0.0002630299999964336
6 0.00022820000000365326
7 0.0002280700000028446
9 0.00022833999998965736
11 0.00025534000000106973
13 0.0002422100000217142
16 0.00021623999999746956
20 0.0002101099999890721
24 0.00022536999999829278
29 0.00024314000000913438
35 0.00024498000001358375
42 0.00024278999999296502
51 0.0002582599999755075
62 0.00029152000001886336
75 0.0002976299999886578
100 0.0003613200000017969
190 0.0018596300000012888
200 0.0007101900000293426
240 0.0008840000000077452
330 0.0018735800000172277
360 0.001838729999997213
400 0.0023727499999949943
490 0.004015849999996135
500 0.004164090000006127
540 0.0057158800000024716
596 0.00652509999998756
719 0.010705689999986135
868 0.02514692999999397
900 0.02631684000000405
1048 0.044342139999992015
1264 0.07384938999999804
1526 0.11079431999999087
1842 0.16220521000001326
2222 0.2540672199999904
2500 0.3523619300000064
4000 1.1332752199999958
