1 0.005578100001002895 16
2 0.00025099999947997276 64
3 0.000130899999930989 144
4 4.940000144415535e-05 256
5 0.00012569999853440095 400
6 0.00012690000039583538 576
7 4.710000030172523e-05 784
9 4.5000000682193786e-05 1296
11 0.00012900000001536682 1936
13 0.00011899999844899867 2704
16 0.00010750000001280569 4096
20 0.00013760000001639128 6400
24 0.00022010000066075008 9216
29 0.0001982000012503704 13456
35 0.00026509999952395447 19600
42 0.00031850000050326344 28224
51 0.0003242999991925899 41616
62 0.00028249999922991265 61504
75 0.00034760000016831327 90000
100 0.0004788000005646609 160000
190 0.0009622000015951926 577600
200 0.001061400000253343 640000
240 0.0010973000007652445 921600
330 0.002857199999198201 1742400
360 0.002984400000059395 2073600
400 0.00484630000028119 2560000
490 0.00683019999996759 3841600
500 0.005971599999611499 4000000
540 0.008983300000181771 4665600
596 0.01161119999960647 5683456
719 0.0202874000005977 8271376
868 0.0304785999996966 12054784
900 0.03443870000046445 12960000
1048 0.052201599999534665 17572864
1264 0.09905760000037844 25563136
1526 0.1416121000002022 37258816
1842 0.2396690999994462 54287424
2222 0.41068489999997837 78996544
2500 0.5572484000003897 100000000
4000 2.0068999999984953 256000000
