1 0.005597400000624475 16
2 0.00024339999981748406 64
3 0.00015449999955308158 144
4 0.00013109999963489827 256
5 0.0001267000006919261 400
6 0.0001188000005640788 576
7 0.00011989999984507449 784
9 0.00012140000035287812 1296
11 0.00012689999857684597 1936
13 0.0001222000009875046 2704
16 7.860000005166512e-05 4096
20 0.0001467000001866836 6400
24 0.00020109999968553893 9216
29 0.0001464000015403144 13456
35 0.0002761999985523289 19600
42 0.00027659999977913685 28224
51 0.00025660000028437935 41616
62 0.0002870999996957835 61504
75 0.0003511000013531884 90000
100 0.00042630000098142773 160000
190 0.0007999999997991836 577600
200 0.0007758000010653632 640000
240 0.0011205000009795185 921600
330 0.0024991999998746905 1742400
360 0.002908700000261888 2073600
400 0.003914499999154941 2560000
490 0.005827300001328695 3841600
500 0.005811299999550101 4000000
540 0.007867199999964214 4665600
596 0.011783300000388408 5683456
719 0.019562299999961397 8271376
868 0.03156769999986864 12054784
900 0.0395420999993803 12960000
1048 0.05319520000011835 17572864
1264 0.09744990000035614 25563136
1526 0.15230500000143365 37258816
1842 0.2565462000002299 54287424
2222 0.4306175000001531 78996544
2500 0.6255055000001448 100000000
4000 2.241297000000486 256000000
