1  1.680000059423037e-05  20 
2  3.499999911582563e-05  80 
3  2.849999873433262e-05  180 
5  1.9799999790848233e-05  500 
7  1.97000008483883e-05  980 
10  1.9400000383029692e-05  2000 
15  1.2000000424450263e-05  4500 
21  9.569999929226469e-05  8820 
30  0.0001081000009435229  18000 
42  0.00012889999925391749  35280 
60  0.00030950000109442044  72000 
84  0.00014510000073642004  141120 
119  0.00042500000017753337  283220 
167  0.0005875999995623715  557780 
236  0.001463500000681961  1113920 
332  0.0023457999996026047  2204480 
467  0.005966699998680269  4361780 
657  0.017115900000135298  8632980 
925  0.04107720000138215  17112500 
1301  0.08676050000030955  33852020 
1831  0.2075873000012507  67051220 
2577  0.5702079000002414  132818580 
3626  1.2051386999992246  262957520 
5102  3.4735094999996363  520608080 
7179  9.183577299998433  1030760820
1  1.680000059423037e-05  20 
2  3.499999911582563e-05  80 
3  1.2200000128359534e-05  180 
5  1.2200000128359534e-05  500 
7  1.190000148199033e-05  980 
10  1.179999890155159e-05  2000 
15  1.4700000974698924e-05  4500 
21  3.549999928509351e-05  8820 
30  9.219999992637895e-05  18000 
42  0.00016380000124627259  35280 
60  0.0001509000012447359  72000 
84  0.00015150000035646372  141120 
119  0.00012000000060652383  283220 
167  0.0002406999992672354  557780 
236  0.0005349000002752291  1113920 
332  0.0012708999984170077  2204480 
467  0.003724000000147498  4361780 
657  0.009025999999721535  8632980 
925  0.023585599999933038  17112500 
1301  0.06562429999939923  33852020 
1831  0.1674142000010761  67051220 
2577  0.44921099999919534  132818580 
3626  1.1848568999994313  262957520 
5102  3.1687077000005957  520608080 
7179  8.809189100000367  1030760820 
1  0.03539219999947818  20 
2  3.0499999411404133e-05  80 
3  1.3099999705445953e-05  180 
5  1.959999826794956e-05  500 
7  1.2500000593718141e-05  980 
10  1.2200000128359534e-05  2000 
15  1.2900000001536682e-05  4500 
21  2.4899998606997542e-05  8820 
30  0.00013020000005781185  18000 
42  0.00011520000043674372  35280 
60  0.00019439999960013665  72000 
84  0.00020810000023629982  141120 
119  0.0001922999999806052  283220 
167  0.000375900001017726  557780 
236  0.0008705000000190921  1113920 
332  0.0022640000006504124  2204480 
467  0.00658819999989646  4361780 
657  0.009887499998512794  8632980 
925  0.02378619999944931  17112500 
1301  0.061935100000482635  33852020 
1831  0.16604910000023665  67051220 
2577  0.4453842999992048  132818580 
3626  1.1781229999996867  262957520 
5102  3.1930721000007907  520608080 
7179  9.548537699998633  1030760820 
1  0.05277139999998326  20 
2  3.619999915827066e-05  80 
3  1.2900000001536682e-05  180 
5  1.3099999705445953e-05  500 
7  1.2099999366910197e-05  980 
10  2.9099999665049836e-05  2000 
15  1.5899999198154546e-05  4500 
21  3.470000046945643e-05  8820 
30  0.00011450000056356657  18000 
42  0.00010829999882844277  35280 
60  0.0001604999997653067  72000 
84  9.990000035031699e-05  141120 
119  0.00019150000116496813  283220 
167  0.0003907000009348849  557780 
236  0.0009200000004057074  1113920 
332  0.0020684999999502907  2204480 
467  0.006698300001517055  4361780 
657  0.013637399999424815  8632980 
925  0.03369870000096853  17112500 
1301  0.09279000000060478  33852020 
1831  0.20643889999882958  67051220 
2577  0.5048277999994752  132818580 
3626  1.2335988000013458  262957520 
5102  3.1807557000011  520608080 
7179  8.870972400000028  1030760820 
1  0.035632600000099046  20 
2  3.099999958067201e-05  80 
3  1.2900000001536682e-05  180 
5  1.2500000593718141e-05  500 
7  1.2599999536178075e-05  980 
10  1.2000000424450263e-05  2000 
15  1.5699999494245276e-05  4500 
21  3.440000000409782e-05  8820 
30  0.00011390000145183876  18000 
42  0.00010970000039378647  35280 
60  0.0002004000016313512  72000 
84  9.960000170394778e-05  141120 
119  0.00018389999968349002  283220 
167  0.00037429999974847306  557780 
236  0.0008944999990490032  1113920 
332  0.0021606000009342097  2204480 
467  0.003979799999797251  4361780 
657  0.013472900000124355  8632980 
925  0.04150209999897925  17112500 
1301  0.0684612000004563  33852020 
1831  0.16050800000084564  67051220 
2577  0.44075420000081067  132818580 
3626  1.1776994000010745  262957520 
5102  3.183673899999121  520608080 
7179  8.880888399999094  1030760820 
1  0.03671889999895939  20 
2  4.169999920122791e-05  80 
3  2.0399998902576044e-05  180 
5  1.1500000255182385e-05  500 
7  2.0200001017656177e-05  980 
10  1.9799999790848233e-05  2000 
15  1.21000011858996e-05  4500 
21  3.0499999411404133e-05  8820 
30  7.899999945948366e-05  18000 
42  0.00010289999954693485  35280 
60  0.00016850000065460335  72000 
84  7.399999958579428e-05  141120 
119  0.000130899999930989  283220 
167  0.0002511000002414221  557780 
236  0.0005485000001499429  1113920 
332  0.0012439000001904787  2204480 
467  0.004026999999041436  4361780 
657  0.009659499999543186  8632980 
925  0.023877100000390783  17112500 
1301  0.06210120000105235  33852020 
1831  0.16630269999950542  67051220 
2577  0.44000950000008743  132818580 
3626  1.181750200001261  262957520 
5102  3.2012723999996524  520608080 
7179  8.92363860000114  1030760820 
1  0.06638359999851673  20 
2  3.5600000046542846e-05  80 
3  1.300000076298602e-05  180 
5  1.300000076298602e-05  500 
7  1.2000000424450263e-05  980 
10  1.2300000889808871e-05  2000 
15  1.630000042496249e-05  4500 
21  3.0199998946045525e-05  8820 
30  0.00011379999887140002  18000 
42  0.0001111999990826007  35280 
60  0.00021570000171777792  72000 
84  0.00020339999900897965  141120 
119  0.00018190000082540791  283220 
167  0.00029720000020461157  557780 
236  0.0005516000001080101  1113920 
332  0.001283999999941443  2204480 
467  0.003995099999883678  4361780 
657  0.009411299999555922  8632980 
925  0.023608100000274135  17112500 
1301  0.0617963000004238  33852020 
1831  0.18146420000084618  67051220 
2577  0.4506709999986924  132818580 
3626  1.1783646999992925  262957520 
5102  3.1840405000002647  520608080 
7179  9.48049010000068  1030760820 
1  0.03595769999992626  20 
2  2.9099999665049836e-05  80 
3  1.8199998521595262e-05  180 
5  1.3700000636163168e-05  500 
7  1.2799999240087345e-05  980 
10  1.2400001651258208e-05  2000 
15  1.2700000297627412e-05  4500 
21  2.7300000510876998e-05  8820 
30  0.00019330000031914096  18000 
42  0.00018359999921813142  35280 
60  0.000177399999301997  72000 
84  9.26000011531869e-05  141120 
119  0.00017899999875226058  283220 
167  0.000390200000765617  557780 
236  0.0008862000013323268  1113920 
332  0.0018497999990358949  2204480 
467  0.00573420000000624  4361780 
657  0.012761099998897407  8632980 
925  0.025310799999715528  17112500 
1301  0.06452309999986028  33852020 
1831  0.19698059999973339  67051220 
2577  0.47920499999963795  132818580 
3626  1.287296000000424  262957520 
5102  3.1975005000003875  520608080 
7179  8.81254269999954  1030760820 
1  0.03492559999904188  20 
2  3.0299999707494862e-05  80 
3  1.489999885961879e-05  180 
5  1.2900000001536682e-05  500 
7  1.2599999536178075e-05  980 
10  1.2300000889808871e-05  2000 
15  1.2700000297627412e-05  4500 
21  2.4499999199179e-05  8820 
30  0.00010620000102790073  18000 
42  0.00012940000124217477  35280 
60  0.00020089999998162966  72000 
84  0.00015660000099160243  141120 
119  0.0001720000000204891  283220 
167  0.0002480999992258148  557780 
236  0.0005329999985406175  1113920 
332  0.0012393000015435973  2204480 
467  0.003994499998952961  4361780 
657  0.009275799999159062  8632980 
925  0.023835300000428106  17112500 
1301  0.066546300000482  33852020 
1831  0.16046319999986736  67051220 
2577  0.4387387000006129  132818580 
3626  1.161900200000673  262957520 
5102  3.1668650999999954  520608080 
7179  8.78018610000072  1030760820 
1  0.03503970000019763  20 
2  3.680000008898787e-05  80 
3  1.2800001059076749e-05  180 
5  1.2999998943996616e-05  500 
7  1.1899999663000926e-05  980 
10  1.449999945180025e-05  2000 
15  1.5400000847876072e-05  4500 
21  3.840000135824084e-05  8820 
30  9.060000047611538e-05  18000 
42  0.00015410000014526304  35280 
60  0.0001585000009072246  72000 
84  7.200000072771218e-05  141120 
119  0.0001596000001882203  283220 
167  0.00025749999986146577  557780 
236  0.000557400000616326  1113920 
332  0.0012368999996397179  2204480 
467  0.004834299999856739  4361780 
657  0.009670900000855909  8632980 
925  0.023496499999964726  17112500 
1301  0.06175680000160355  33852020 
1831  0.1777684999997291  67051220 
2577  0.4450151000000915  132818580 
3626  1.1668592000005447  262957520 
5102  3.1939228999999614  520608080 
7179  8.833197199999631  1030760820 
