1 0.0028751999998348765 6
2 0.00023239999973156955 24
3 0.0001391000005241949 54
4 0.00013969999963592272 96
5 0.00013039999976172112 150
6 0.00011939999967580661 216
7 5.410000085248612e-05 294
9 0.0001281000004382804 486
11 0.00011850000009872019 726
13 0.00013269999908516183 1014
16 0.00022290000015345868 1536
20 0.00016529999993508682 2400
24 0.00026419999994686805 3456
29 0.00027409999893279746 5046
35 0.00032220000139204785 7350
42 0.0003538000000844477 10584
51 0.0003231999999115942 15606
62 0.00024510000002919696 23064
75 0.0003577999996196013 33750
100 0.0004017000010207994 60000
190 0.0007857000000512926 216600
200 0.0008397000001423294 240000
240 0.0010574999996606493 345600
330 0.002132300000084797 653400
360 0.002867899998818757 777600
400 0.003704700000525918 960000
490 0.005120399999213987 1440600
500 0.00501559999975143 1500000
540 0.00576099999852886 1749600
596 0.0073921000002883375 2131296
719 0.011620100000072853 3101766
868 0.01780040000085137 4520544
900 0.019940199999837205 4860000
1048 0.028323600001385785 6589824
1264 0.047786000000996864 9586176
1526 0.08957890000056068 13972056
1842 0.13768119999986084 20357784
2222 0.2289453000012145 29623704
2500 0.2993496999988565 37500000
4000 1.0901594000006298 96000000
