1 0.0028626999992411584 6
2 0.00015460000031453092 24
3 0.00011970000014116522 54
4 5.020000025979243e-05 96
5 0.0001343000003544148 150
6 4.8600000809528865e-05 216
7 0.00012870000136899762 294
9 5.0799999371520244e-05 486
11 0.00019590000010794029 726
13 0.0001353999996354105 1014
16 0.0001908999984152615 1536
20 0.00024699999994481914 2400
24 0.00023519999922427814 3456
29 0.00030080000033194665 5046
35 0.00034589999995660037 7350
42 0.0003163999990647426 10584
51 0.00032619999910821207 15606
62 0.0002131000001099892 23064
75 0.00038210000093386043 33750
100 0.00044349999916448724 60000
190 0.0009651000000303611 216600
200 0.0008373999989998993 240000
240 0.0010392000003776047 345600
330 0.00214129999949364 653400
360 0.0022748999999748776 777600
400 0.0031365999984700466 960000
490 0.0044954000004509 1440600
500 0.004979100000127801 1500000
540 0.00771820000045409 1749600
596 0.007330099999308004 2131296
719 0.011480000001029111 3101766
868 0.01816540000072564 4520544
900 0.021790300001157448 4860000
1048 0.029003899999224814 6589824
1264 0.04796130000067933 9586176
1526 0.08264779999990424 13972056
1842 0.13734459999977844 20357784
2222 0.23558959999900253 29623704
2500 0.3044568999994226 37500000
4000 1.088326799999777 96000000
