1 0.002870700000130455 6
2 0.0001560000000608852 24
3 5.2400000640773214e-05 54
4 5.1500001063686796e-05 96
5 0.00012729999980365392 150
6 0.0001343000003544148 216
7 0.00015770000027259812 294
9 0.00013519999993150122 486
11 0.0001346000008197734 726
13 0.00020279999989725184 1014
16 0.00022229999922274146 1536
20 0.000204699999812874 2400
24 0.00028250000104890205 3456
29 0.0002946999993582722 5046
35 0.0003591999993659556 7350
42 0.00038529999983438756 10584
51 0.00025129999994533136 15606
62 0.0002738999992288882 23064
75 0.0003453999997873325 33750
100 0.00038239999958022963 60000
190 0.0007954000011523021 216600
200 0.000843299998450675 240000
240 0.0010510000010981457 345600
330 0.002150700000129291 653400
360 0.0023968000004970236 777600
400 0.0029103999986546114 960000
490 0.005985399999190122 1440600
500 0.005121799998960341 1500000
540 0.005765300000348361 1749600
596 0.007316299999729381 2131296
719 0.0115217999991728 3101766
868 0.017994800000451505 4520544
900 0.01989549999962037 4860000
1048 0.028621400000702124 6589824
1264 0.04766629999903671 9586176
1526 0.0822967999993125 13972056
1842 0.1419949999999517 20357784
2222 0.235338700000284 29623704
2500 0.30451610000091023 37500000
4000 1.089937499998996 96000000
