1 0.002881399999751011 6
2 0.00021869999909540638 24
3 5.249999958323315e-05 54
4 0.00012880000031145755 96
5 4.9000000217347406e-05 150
6 0.0001357000001007691 216
7 0.0001343000003544148 294
9 0.00012369999967631884 486
11 0.00012989999959245324 726
13 0.0001264000002265675 1014
16 0.00020629999926313758 1536
20 0.00022450000142271165 2400
24 0.0002932999996119179 3456
29 0.00027889999910257757 5046
35 0.0003409999990253709 7350
42 0.0003220999988116091 10584
51 0.0002953000002889894 15606
62 0.0003409999990253709 23064
75 0.000325400000292575 33750
100 0.000395199998820317 60000
190 0.000791499998740619 216600
200 0.0008471999990433687 240000
240 0.001047199999447912 345600
330 0.002135400000042864 653400
360 0.002287600000272505 777600
400 0.0029080000003887108 960000
490 0.004533299999820883 1440600
500 0.006359099999826867 1500000
540 0.005943900001511793 1749600
596 0.007317199999306467 2131296
719 0.011530699999639182 3101766
868 0.0179932999999437 4520544
900 0.02193050000096264 4860000
1048 0.02803660000063246 6589824
1264 0.0476952999997593 9586176
1526 0.08151090000137629 13972056
1842 0.14771189999919443 20357784
2222 0.2310591999994358 29623704
2500 0.30652310000004945 37500000
4000 1.0893902000007074 96000000
