1 0.00019860000065818895 6
2 0.00046599999950558413 24
3 7.820000064384658e-05 54
4 6.029999894963112e-05 96
5 5.729999975301325e-05 150
6 5.2400000640773214e-05 216
7 5.239999882178381e-05 294
9 0.0006797000005462905 486
11 0.0001467000001866836 726
13 0.00014290000035543926 1014
16 0.0005189000003156252 1536
20 0.00016839999989315402 2400
24 0.00024249999842140824 3456
29 0.0003297000002930872 5046
35 0.00048010000136855524 7350
42 0.00022470000112662092 10584
51 0.00025880000066536013 15606
62 0.00020250000125088263 23064
75 0.00035969999953522347 33750
100 0.00039710000055492856 60000
190 0.0010531999996601371 216600
200 0.0010860000002139714 240000
240 0.0017892000014398945 345600
330 0.0028514000005088747 653400
360 0.00308240000049409 777600
400 0.003894699999364093 960000
490 0.006455900000219117 1440600
500 0.006130399999165093 1500000
540 0.0083132999989175 1749600
596 0.007983000001331675 2131296
719 0.0149039999996603 3101766
868 0.018875100000514067 4520544
900 0.019842899999275687 4860000
1048 0.029763700000330573 6589824
1264 0.04854909999994561 9586176
1526 0.08714309999959369 13972056
1842 0.15834869999889634 20357784
2222 0.22701219999908062 29623704
2500 0.38175480000063544 37500000
4000 1.0886134000011225 96000000
