1 0.002870999998776824 6
2 0.0002311000007466646 24
3 0.00014370000099006575 54
4 0.00012200000128359534 96
5 0.00012489999971876387 150
6 0.0001334000007773284 216
7 0.0001283999990846496 294
9 0.0001320000010309741 486
11 0.00011939999967580661 726
13 0.00012679999963438604 1014
16 0.00021919999926467426 1536
20 0.0002168000009987736 2400
24 0.0002727999999478925 3456
29 0.000286600001345505 5046
35 0.0003295999995316379 7350
42 0.0003037999995285645 10584
51 0.0001840999993873993 15606
62 0.0002604000001156237 23064
75 0.0002775000011752127 33750
100 0.0004119000004720874 60000
190 0.0009463999995205086 216600
200 0.0010559000002103858 240000
240 0.0010514000005059643 345600
330 0.002139900001566275 653400
360 0.002889800000048126 777600
400 0.002896300000429619 960000
490 0.004824999999982538 1440600
500 0.004974000001311651 1500000
540 0.005732699999498436 1749600
596 0.007284299999810173 2131296
719 0.011501499999212683 3101766
868 0.017692899999019573 4520544
900 0.019672100001116632 4860000
1048 0.028865500000392785 6589824
1264 0.04819550000138406 9586176
1526 0.08374349999940023 13972056
1842 0.13730170000053477 20357784
2222 0.22965389999990293 29623704
2500 0.3109855000002426 37500000
4000 1.087192299999515 96000000
