1 0.002882799999497365 6
2 0.00023119999968912452 24
3 6.140000004961621e-05 54
4 9.170000157610048e-05 96
5 0.00010990000009769574 150
6 5.129999954078812e-05 216
7 0.00013480000052368268 294
9 0.00013629999921249691 486
11 0.0001306000012846198 726
13 0.00012880000031145755 1014
16 0.000152900000102818 1536
20 0.00021659999947587494 2400
24 0.0002936999990197364 3456
29 0.000289100000372855 5046
35 0.0003479000006336719 7350
42 0.0003195999997842591 10584
51 0.00025099999947997276 15606
62 0.00026650000108929817 23064
75 0.00034159999995608814 33750
100 0.0004104999989067437 60000
190 0.0007847999986552168 216600
200 0.001066799999534851 240000
240 0.0010429000012663892 345600
330 0.0026262000010319753 653400
360 0.002892799999244744 777600
400 0.0037009000006946735 960000
490 0.004494700000577723 1440600
500 0.004979600000297069 1500000
540 0.005722500000047148 1749600
596 0.007304600001589279 2131296
719 0.011734100000467151 3101766
868 0.017822300000261748 4520544
900 0.02034569999887026 4860000
1048 0.028188100000988925 6589824
1264 0.047720300000946736 9586176
1526 0.08219440000175382 13972056
1842 0.13917299999957322 20357784
2222 0.2364637999999104 29623704
2500 0.30148799999915354 37500000
4000 1.084420000001046 96000000
