1 0.0028911999997944804 6
2 0.00025069999901461415 24
3 5.199999941396527e-05 54
4 5.03999999637017e-05 96
5 0.000137400000312482 150
6 0.00012729999980365392 216
7 0.0001266999988729367 294
9 0.00013349999971978832 486
11 0.00018669999917619862 726
13 0.0001978999989660224 1014
16 0.00021750000087195076 1536
20 0.00020009999934700318 2400
24 0.00029240000003483146 3456
29 0.000298099999781698 5046
35 0.0003192000003764406 7350
42 0.0003118999993603211 10584
51 0.00024169999960577115 15606
62 0.00026230000003124587 23064
75 0.0003271000005042879 33750
100 0.00040189999890571926 60000
190 0.0007864999988669297 216600
200 0.0008287999989988748 240000
240 0.0010391000014351448 345600
330 0.002137500001481385 653400
360 0.0022865999999339692 777600
400 0.0028865000003861496 960000
490 0.004498099999182159 1440600
500 0.005086699999083066 1500000
540 0.005776199999672826 1749600
596 0.007278400000359397 2131296
719 0.011682700000164914 3101766
868 0.017690899998342502 4520544
900 0.020115999999688938 4860000
1048 0.028239600000233622 6589824
1264 0.04787340000075346 9586176
1526 0.08696360000067216 13972056
1842 0.13810990000092715 20357784
2222 0.23141799999939394 29623704
2500 0.29981229999975767 37500000
4000 1.0851701000010507 96000000
