1 0.011675800000375602 16
2 6.440000015572878e-05 64
3 2.7800000680144876e-05 144
4 2.8399999791872688e-05 256
5 2.5499999537714757e-05 400
6 2.1599999854515772e-05 576
7 2.3599999622092582e-05 784
9 4.5900000259280205e-05 1296
11 3.319999996165279e-05 1936
13 5.580000015470432e-05 2704
16 3.699999979289714e-05 4096
20 7.280000045284396e-05 6400
24 0.00013390000003710156 9216
29 0.00011830000039481092 13456
35 0.00011749999976018444 19600
42 0.00010380000003351597 28224
51 0.0001779000003807596 41616
62 0.0002375999993091682 61504
75 0.0002955999998448533 90000
100 0.00035040000057051657 160000
190 0.001463099999455153 577600
200 0.001126500000282249 640000
240 0.002026300000579795 921600
330 0.00401519999923039 1742400
360 0.004354399999101588 2073600
400 0.004525199999989127 2560000
490 0.009255300000404532 3841600
500 0.007605199999488832 4000000
540 0.011028299999452429 4665600
596 0.016172999999980675 5683456
719 0.027010599999812257 8271376
868 0.06010859999969398 12054784
900 0.0478372000006857 12960000
1048 0.08772060000046622 17572864
1264 0.11803710000003775 25563136
1526 0.19271939999998722 37258816
1842 0.33948030000010476 54287424
2222 0.5697669999999562 78996544
2500 0.828394400000434 100000000
4000 2.770097199999327 256000000
