1 0.011232599999857484 16
2 9.059999956662068e-05 64
3 4.1000000237545464e-05 144
4 3.420000030018855e-05 256
5 2.2600000193051528e-05 400
6 3.290000040578889e-05 576
7 2.4899999516492244e-05 784
9 4.5199999476608355e-05 1296
11 3.2699999792384915e-05 1936
13 3.730000025825575e-05 2704
16 4.8299999434675556e-05 4096
20 7.449999975506216e-05 6400
24 0.00010990000009769574 9216
29 0.0001081000000340282 13456
35 0.00011619999986578478 19600
42 0.00010159999965253519 28224
51 0.00017329999991488876 41616
62 0.00023669999973208178 61504
75 0.0002905999999711639 90000
100 0.0003152999997837469 160000
190 0.0009972000007110182 577600
200 0.0007965999993757578 640000
240 0.0014991999996709637 921600
330 0.003606700000091223 1742400
360 0.003076099999816506 2073600
400 0.004869899999903282 2560000
490 0.008148699999765086 3841600
500 0.0075929000004180125 4000000
540 0.010688899999877322 4665600
596 0.020170900000266556 5683456
719 0.026745600000140257 8271376
868 0.0624206000002232 12054784
900 0.04759950000061508 12960000
1048 0.07511900000008609 17572864
1264 0.11733010000079958 25563136
1526 0.19396289999986038 37258816
1842 0.31673700000010285 54287424
2222 0.6046647000002849 78996544
2500 0.7404012000006333 100000000
4000 2.6764378000007127 256000000
