1 0.01210819999960222 16
2 7.329999971261714e-05 64
3 2.2900000658410136e-05 144
4 2.6599999728205148e-05 256
5 2.0400000721565448e-05 400
6 2.080000012938399e-05 576
7 2.9200000426499173e-05 784
9 4.42000000475673e-05 1296
11 3.2300000384566374e-05 1936
13 3.5200000638724305e-05 2704
16 3.2500000088475645e-05 4096
20 7.550000009359792e-05 6400
24 0.00013619999936054228 9216
29 0.0001390999996147002 13456
35 0.00013930000022810418 19600
42 0.0001320000001214794 28224
51 0.00019500000053085387 41616
62 0.00023839999994379468 61504
75 0.00029320000066945795 90000
100 0.0004129999997530831 160000
190 0.0014538000004904461 577600
200 0.0008163000002241461 640000
240 0.0015002999998614541 921600
330 0.0040716000003158115 1742400
360 0.004435199999534234 2073600
400 0.004782199999681325 2560000
490 0.009321800000179792 3841600
500 0.008119999999507854 4000000
540 0.010914099999354221 4665600
596 0.017232500000318396 5683456
719 0.03303030000006402 8271376
868 0.043070199999419856 12054784
900 0.04752649999954883 12960000
1048 0.08126809999976103 17572864
1264 0.11441720000038913 25563136
1526 0.19581620000008115 37258816
1842 0.3184809000003952 54287424
2222 0.5632320000004256 78996544
2500 0.7368517000004431 100000000
4000 2.672188200000164 256000000
