1 0.012020299999676354 16
2 5.890000011277152e-05 64
3 4.439999975147657e-05 144
4 3.840000044874614e-05 256
5 2.4500000108673703e-05 400
6 2.3399999918183312e-05 576
7 2.3599999622092582e-05 784
9 4.850000004807953e-05 1296
11 3.20999997711624e-05 1936
13 3.6100000215810724e-05 2704
16 3.2500000088475645e-05 4096
20 6.69999999445281e-05 6400
24 0.00010939999992842786 9216
29 0.00010990000009769574 13456
35 0.00011580000045796623 19600
42 0.00010519999977987027 28224
51 0.00017780000052880496 41616
62 0.00023860000055719865 61504
75 0.0002961999998660758 90000
100 0.000366799999937939 160000
190 0.0012903000006190268 577600
200 0.0011962999997194856 640000
240 0.0039823000006435905 921600
330 0.004202600000098755 1742400
360 0.0046329000006153365 2073600
400 0.0069304999997257255 2560000
490 0.010989299999891955 3841600
500 0.0076096000002507935 4000000
540 0.011152899999615329 4665600
596 0.01907480000045325 5683456
719 0.028548899999805144 8271376
868 0.04380760000003647 12054784
900 0.048254900000756606 12960000
1048 0.0778890000001411 17572864
1264 0.12460869999995339 25563136
1526 0.20892650000041613 37258816
1842 0.33607579999988957 54287424
2222 0.5475154999994629 78996544
2500 0.7869276999999784 100000000
4000 2.7022070000002714 256000000
