1 0.0053221299999677285
2 0.00014239999991332296
3 0.00010237000014967634
4 8.66999998834217e-05
5 8.77500000569853e-05
6 8.752999983698828e-05
7 9.08199997866177e-05
9 9.706000000733183e-05
11 0.00010118000000147731
13 0.00011256999996476225
16 0.0001112200000534358
20 0.00013165000000299188
24 0.00015148000011322438
29 0.00021289000014803605
35 0.00032100999997055626
42 0.00036708999996335476
51 0.00042809999995370164
62 0.0005405400001109228
75 0.0007454599999618949
100 0.0010480600001756101
190 0.0039992300000449175
200 0.004362680000122054
240 0.006050820000018576
330 0.01111620000019684
360 0.013337270000192802
400 0.01797387999995408
490 0.026043009999830245
500 0.02651294000015696
540 0.03131060000005163
596 0.040536809999775866
719 0.0632380800001556
868 0.10618862999990597
900 0.11317659000005734
1048 0.1697591499997543
1264 0.2604846699999143
1526 0.4296679599998242
1842 0.7356649999999718
2222 1.1810213299999304
2500 1.7041964600000028
4000 7.031231109999771
