1 0.005261680000057822
2 0.00012284999993426027
3 7.458999998561921e-05
4 6.694999992760132e-05
5 6.59700001051533e-05
6 6.732000001647975e-05
7 6.840000005468028e-05
9 7.385000008071074e-05
11 7.777000000714906e-05
13 0.00010356000011597643
16 8.653000004414935e-05
20 0.00010102999995069695
24 0.00011915000004592002
29 0.00016699999969205237
35 0.00033788999999160294
42 0.0003700200002640486
51 0.0004683599998315913
62 0.0006153899999844725
75 0.0008414700000685116
100 0.0013106999998854008
190 0.005330480000066018
200 0.005923179999808781
240 0.009427430000050663
330 0.020880160000069738
360 0.025848529999893798
400 0.03405175999996572
490 0.05563320000019303
500 0.05805248999986361
540 0.07406694999999672
596 0.09445433999999295
719 0.15495913999993718
868 0.2640933800000312
900 0.28712663000005706
1048 0.4523419899998771
1264 0.7266841999999997
1526 1.2357524700000795
1842 2.0502512400000343
2222 3.3743115099999157
2500 4.706821350000064
4000 17.15242045999985
