1 0.0052953699998397495
2 0.0001498100000389968
3 7.854999994378886e-05
4 7.269000006999704e-05
5 7.093000021995977e-05
6 7.27400001778733e-05
7 7.312999996429425e-05
9 7.808999998815125e-05
11 8.337999997820589e-05
13 0.0001048399999490357
16 9.649999983594171e-05
20 0.00010571999991952908
24 0.00012542999984361814
29 0.00018041999992419734
35 0.00035413999985394183
42 0.0003847299998597009
51 0.00048563000000285684
62 0.0006138899999314163
75 0.0008737400001336936
100 0.0013718200000766955
190 0.005378949999976612
200 0.00604723999995258
240 0.009675020000031509
330 0.02069178000001557
360 0.026031610000154616
400 0.03388911000010921
490 0.0569187600000987
500 0.05945760999993581
540 0.07460829999990892
596 0.0937625699999444
719 0.15571201000020665
868 0.2672583399999894
900 0.29413416999996117
1048 0.45277885999994394
1264 0.7308389799999532
1526 1.2549511499998516
1842 2.0810578300002818
2222 3.441384460000245
2500 4.789506829999846
4000 17.463448439999958
