1 0.005171080000036454
2 0.0001334800000222458
3 0.00010246000001643552
4 8.86499999978696e-05
5 8.941999994931394e-05
6 9.391000003233785e-05
7 9.260000006179325e-05
9 9.447999991607503e-05
11 0.00010038999998869258
13 0.00011106000001745998
16 0.00011000000022249878
20 0.00013087000015730155
24 0.00014624999985244359
29 0.00022132999993118574
35 0.0003191599997990124
42 0.00040610999994896704
51 0.0004531100000349397
62 0.0005479899999954796
75 0.0007151400000111607
100 0.0010342599998693913
190 0.0034487900001295203
200 0.0038438900000073773
240 0.005584630000066681
330 0.01069173000023511
360 0.01224897999991299
400 0.016033709999919665
490 0.02354505999983303
500 0.025751949999994396
540 0.029260179999982937
596 0.038488420000066983
719 0.061069149999912045
868 0.09937140000010913
900 0.10631367000014506
1048 0.15813932999990357
1264 0.245870769999965
1526 0.4112200700001267
1842 0.7128214399999706
2222 1.1885529700000006
2500 1.7035895599999094
4000 7.024538790000042
