1 0.005280309999852762
2 0.00011463999999250518
3 7.396000000881031e-05
4 6.706000003759982e-05
5 6.575999987035175e-05
6 6.753000006938236e-05
7 6.756000002496875e-05
9 7.218000018838211e-05
11 8.412999986830982e-05
13 0.00010231999995085062
16 8.721999984118156e-05
20 0.00010045999997601029
24 0.0001205100000333914
29 0.0001443699999981618
35 0.0002990400001181115
42 0.0003542699999343313
51 0.0004794800001945987
62 0.0005873500001143839
75 0.0008032100000491482
100 0.0012755399998241046
190 0.004955870000139839
200 0.005650219999915862
240 0.008967930000017077
330 0.020310799999879236
360 0.025134169999819277
400 0.03105969999996887
490 0.05493372999999337
500 0.056587649999983114
540 0.07324679000003016
596 0.0929939500000728
719 0.15138106000003973
868 0.2577035400001478
900 0.2839533800000936
1048 0.4418798900002002
1264 0.7103454099998998
1526 1.210130069999923
1842 2.0960057300002517
2222 3.4659473999999135
2500 4.813011600000027
4000 17.135172070000046
