1 0.0053603299999849694
2 0.0001422800000909774
3 9.860999989541597e-05
4 8.614000007582945e-05
5 9.042999990924728e-05
6 9.08700000763929e-05
7 9.200000013152022e-05
9 9.454000000914675e-05
11 0.00010025999999925261
13 0.0001206399999318819
16 0.00011233000004722271
20 0.00013089000012769247
24 0.00015708000000813627
29 0.00019852000013997895
35 0.000312239999857411
42 0.00038739000001442037
51 0.000443869999890012
62 0.0005672900000718073
75 0.0007102600000507664
100 0.0010603699998682713
190 0.0039298800001233754
200 0.0041021400000317955
240 0.005693129999872326
330 0.011149800000293909
360 0.013176140000086888
400 0.016671390000101382
490 0.02502513999997973
500 0.025718139999844424
540 0.03125964000000749
596 0.04054737999986173
719 0.06379254999992554
868 0.10488502999987759
900 0.10835118999993938
1048 0.1595587699999669
1264 0.24827129999985117
1526 0.4143072199997732
1842 0.7134582299998329
2222 1.190859829999954
2500 1.7158105699998487
4000 7.07907428999988
