1 0.005322359999900073
2 0.00012328999991950695
3 7.830999984435039e-05
4 7.27200001165329e-05
5 7.15100000888924e-05
6 7.182999988799565e-05
7 7.447000016327365e-05
9 7.740999990346609e-05
11 8.230999992520083e-05
13 0.00010288000012224075
16 9.439000004931585e-05
20 0.00012006999977529632
24 0.00013724000000365778
29 0.000224659999821597
35 0.0003303300000879972
42 0.00040354000011575406
51 0.0004839199999878474
62 0.0006142600000202947
75 0.0008560200000829355
100 0.0013489799999661044
190 0.0052799900001446074
200 0.005834640000011859
240 0.009190370000033
330 0.02022107999991931
360 0.02560284999981377
400 0.03176407000009931
490 0.05504939000002196
500 0.05891053000013926
540 0.07341254000002664
596 0.09243754000026456
719 0.1521441899999445
868 0.26180810000005295
900 0.2854728899998918
1048 0.44457496000013635
1264 0.7216012400001091
1526 1.21867613000004
1842 2.0479515600000013
2222 3.4398052700000337
2500 4.813136510000004
4000 17.586130589999993
