1 0.005536439999923459
2 0.00014031000000613858
3 0.0001029999999445863
4 8.836000006340328e-05
5 8.870000010574586e-05
6 9.228000008079106e-05
7 9.334999986094772e-05
9 0.00010627999999996973
11 0.00010175000006711344
13 0.00011345000002620509
16 0.00011255000008532079
20 0.00012877000008302276
24 0.00015152000005400624
29 0.00021032000013292417
35 0.0003233300000829331
42 0.0003920400001334201
51 0.00046865999984220253
62 0.0005413000000771718
75 0.0007089999999152496
100 0.0010375299998486298
190 0.003468030000112776
200 0.004002510000100301
240 0.0055468699998527885
330 0.009893950000059704
360 0.012555940000038391
400 0.01653493999992861
490 0.023636200000055396
500 0.025943810000171652
540 0.030548340000041207
596 0.038574700000026496
719 0.05984413000005588
868 0.09965646000000561
900 0.10576407000016844
1048 0.1591411899999912
1264 0.24915770999996312
1526 0.4091593700000885
1842 0.7074674599998616
2222 1.1861458100000164
2500 1.698803119999957
4000 7.048904529999982
