1 0.004900280000128987
2 0.00012716999999611288
3 9.831999996094965e-05
4 8.684000003995606e-05
5 8.707999986654614e-05
6 8.808999982647946e-05
7 9.067000000868574e-05
9 9.423000019523898e-05
11 9.97699998151802e-05
13 0.0001026399999318528
16 0.00011048999995182385
20 0.00012858999998570652
24 0.0001613899999028945
29 0.00020575000016833655
35 0.00031934000016917705
42 0.0003417099999751372
51 0.00044581000020116335
62 0.0005343600000742299
75 0.0007095799998751318
100 0.001039699999819277
190 0.003539679999994405
200 0.003583990000151971
240 0.006048649999956979
330 0.011009919999924022
360 0.0129403200001434
400 0.016038039999875763
490 0.02398180999989563
500 0.02556931999997687
540 0.02931177000000389
596 0.03908017999983713
719 0.06013217999998233
868 0.1004045199999382
900 0.10925709000002826
1048 0.15877658999988853
1264 0.25065097000006065
1526 0.4195204899998316
1842 0.7121168300000136
2222 1.1966678399999182
2500 1.7159237400001075
4000 7.074464819999866
