1 0.0028749000002790126 6
2 6.429999984902679e-05 24
3 0.00022230000013223616 54
4 0.0001716000001579232 96
5 0.00023259999989022617 150
6 5.63000003239722e-05 216
7 0.0001430000002073939 294
9 0.00013330000001587905 486
11 0.0001283999999941443 726
13 0.0001364000004286936 1014
16 0.00020709999989776406 1536
20 0.00019960000008723 2400
24 0.00029799999992974335 3456
29 0.0002841999998963729 5046
35 0.00032770000007076305 7350
42 0.000330600000324921 10584
51 0.00017589999970368808 15606
62 0.0002664999997250561 23064
75 0.0003449999999247666 33750
100 0.0004067999998369487 60000
190 0.0007683999997425417 216600
200 0.0007887000001574052 240000
240 0.0010286000001542561 345600
330 0.001991399999951682 653400
360 0.002215499999692838 777600
400 0.0027047999997193983 960000
490 0.004478600000311417 1440600
500 0.006376100000125007 1500000
540 0.006482600000254024 1749600
596 0.007285299999693962 2131296
719 0.01158850000001621 3101766
868 0.01771520000011151 4520544
900 0.019575300000269635 4860000
1048 0.027832499999931315 6589824
1264 0.04702390000011292 9586176
1526 0.08772360000011759 13972056
1842 0.13856459999988147 20357784
2222 0.22679059999973106 29623704
2500 0.30591550000008283 37500000
4000 1.083793599999808 96000000
