1 0.00012589999960255227 6
2 6.690000009257346e-05 24
3 5.520000013348181e-05 54
4 5.310000005920301e-05 96
5 5.129999999553547e-05 150
6 5.000000010113581e-05 216
7 0.0005352000002858404 294
9 7.139999979699496e-05 486
11 6.490000032499665e-05 726
13 6.440000015572878e-05 1014
16 0.00021870000000490109 1536
20 0.00018600000021251617 2400
24 0.0002463999999235966 3456
29 0.00024069999972198275 5046
35 0.0004604000000654196 7350
42 0.00033750000011423253 10584
51 0.0002812000002450077 15606
62 0.0003278999997746723 23064
75 0.00045129999989512726 33750
100 0.000520900000083202 60000
190 0.0019214999997529958 216600
200 0.0010124000000359956 240000
240 0.0015004000001681561 345600
330 0.0025311999997938983 653400
360 0.0030381999999917753 777600
400 0.004404499999964173 960000
490 0.005535000000236323 1440600
500 0.006727599999976519 1500000
540 0.008085099999789236 1749600
596 0.00786580000021786 2131296
719 0.0149743000001763 3101766
868 0.018499400000109745 4520544
900 0.019681199999922683 4860000
1048 0.027877999999873282 6589824
1264 0.06450689999974202 9586176
1526 0.15565560000004552 13972056
1842 0.16754630000014004 20357784
2222 0.36250780000000304 29623704
2500 0.30320789999996123 37500000
4000 1.1053787999999258 96000000
