1 0.0028990999999223277 6
2 0.00016579999964960734 24
3 0.00012329999981375295 54
4 0.00012440000000424334 96
5 0.00011970000014116522 150
6 0.00011929999982385198 216
7 0.00011720000020432053 294
9 0.0001733999997668434 486
11 0.00014069999997445848 726
13 0.00019449999990683864 1014
16 0.00020739999990837532 1536
20 0.0001998999996430939 2400
24 0.0002051999999821419 3456
29 0.0002685000004021276 5046
35 0.0003301000001556531 7350
42 0.00026769999976750114 10584
51 0.000167199999850709 15606
62 0.0002444000001560198 23064
75 0.00027039999986300245 33750
100 0.00044040000011591474 60000
190 0.0009168999999928928 216600
200 0.0007975999997142935 240000
240 0.013112000000091939 345600
330 0.0021027999996476865 653400
360 0.0029423000000861066 777600
400 0.003904799999872921 960000
490 0.005866099999821017 1440600
500 0.006669999999758147 1500000
540 0.007644400000117457 1749600
596 0.010102100000040082 2131296
719 0.026450199999999313 3101766
868 0.01878339999984746 4520544
900 0.020129500000166445 4860000
1048 0.027897699999812176 6589824
1264 0.05755120000003444 9586176
1526 0.08305700000028082 13972056
1842 0.13843260000021473 20357784
2222 0.23444479999989198 29623704
2500 0.31440470000006826 37500000
4000 1.1679982999999083 96000000
