1 0.0028579999998328276 6
2 0.00021179999976084218 24
3 0.00013629999966724426 54
4 0.00012889999970866484 96
5 0.0001277999999729218 150
6 0.0001262999999198655 216
7 0.00012310000010984368 294
9 5.220000002736924e-05 486
11 0.00019659999998111743 726
13 0.00013469999976223335 1014
16 0.00021909999986746698 1536
20 0.00021980000019539148 2400
24 0.0002849000002242974 3456
29 0.00028560000009747455 5046
35 0.000325299999985873 7350
42 0.00032690000034563127 10584
51 0.00030259999994086684 15606
62 0.00027349999982106965 23064
75 0.0003335999999762862 33750
100 0.000413499999922351 60000
190 0.0007608999999320076 216600
200 0.0007550000000264845 240000
240 0.0010505999998713378 345600
330 0.001983699999982491 653400
360 0.002218399999946996 777600
400 0.002715399999942747 960000
490 0.005902399999740737 1440600
500 0.004815799999960291 1500000
540 0.005818999999974039 1749600
596 0.00784879999991972 2131296
719 0.011587299999973766 3101766
868 0.01770170000008875 4520544
900 0.019654199999877164 4860000
1048 0.02795490000016798 6589824
1264 0.04737710000017614 9586176
1526 0.08245130000022982 13972056
1842 0.1385405000000901 20357784
2222 0.22808530000020255 29623704
2500 0.3053821000003154 37500000
4000 1.0907849999998689 96000000
