1 0.002833900000041467 6
2 0.0002030999999078631 24
3 0.0001395999997839681 54
4 5.1900000016757986e-05 96
5 0.00013029999990976648 150
6 0.0001314999999522115 216
7 0.000168500000199856 294
9 0.00022059999992052326 486
11 0.00014440000040849554 726
13 0.00020559999984470778 1014
16 0.00022840000019641593 1536
20 0.00021130000004632166 2400
24 0.00029330000006666523 3456
29 0.00029739999990852084 5046
35 0.000313699999878736 7350
42 0.0002938000002359331 10584
51 0.0002446999997118837 15606
62 0.00024919999987105257 23064
75 0.00041340000007039635 33750
100 0.0003354999998919084 60000
190 0.0009569999997438572 216600
200 0.0007706999999754771 240000
240 0.0010314999999536667 345600
330 0.0024998000003506604 653400
360 0.002217700000073819 777600
400 0.00270860000000539 960000
490 0.004523799999788025 1440600
500 0.006404700000075536 1500000
540 0.006178499999805354 1749600
596 0.007412899999962974 2131296
719 0.011576099999729195 3101766
868 0.01774890000024243 4520544
900 0.01959290000013425 4860000
1048 0.027867499999956635 6589824
1264 0.046888599999874714 9586176
1526 0.08729440000024624 13972056
1842 0.1386674000000312 20357784
2222 0.2267443999999159 29623704
2500 0.31207469999981186 37500000
4000 1.100670700000137 96000000
