1 0.010790399999677902 16
2 7.069999992381781e-05 64
3 2.190000031987438e-05 144
4 2.4599999960628338e-05 256
5 3.060000017285347e-05 400
6 2.6700000489654485e-05 576
7 2.3599999622092582e-05 784
9 4.910000006930204e-05 1296
11 3.2300000384566374e-05 1936
13 3.589999960240675e-05 2704
16 3.319999996165279e-05 4096
20 7.569999979750719e-05 6400
24 0.00014199999986885814 9216
29 0.0001129000002038083 13456
35 0.00011389999963284936 19600
42 0.00017220000063389307 28224
51 0.00017550000029586954 41616
62 0.0002376000002186629 61504
75 0.0004119000004720874 90000
100 0.00040549999994254904 160000
190 0.001257100000657374 577600
200 0.001153300000623858 640000
240 0.0020842000003540306 921600
330 0.004380600000331469 1742400
360 0.004993100000319828 2073600
400 0.0069790000006833 2560000
490 0.011008599999513535 3841600
500 0.01172590000078344 4000000
540 0.01522690000001603 4665600
596 0.017092000000047847 5683456
719 0.028261200000088138 8271376
868 0.044543500000145286 12054784
900 0.07603210000070248 12960000
1048 0.09560340000007272 17572864
1264 0.1215900999995938 25563136
1526 0.1936041999997542 37258816
1842 0.33944510000037553 54287424
2222 0.5522467999999208 78996544
2500 0.7374702000006437 100000000
4000 2.686192399999527 256000000
