1 0.009595399999852816 16
2 6.070000017643906e-05 64
3 2.249999943160219e-05 144
4 2.27999998969608e-05 256
5 2.390000008745119e-05 400
6 2.170000061596511e-05 576
7 2.1699999706470408e-05 784
9 4.489999992074445e-05 1296
11 3.370000013092067e-05 1936
13 3.6699999327538535e-05 2704
16 3.3099999200203456e-05 4096
20 6.750000011379598e-05 6400
24 0.0001081000000340282 9216
29 0.00010459999975864775 13456
35 0.00011019999965355964 19600
42 9.929999941959977e-05 28224
51 0.00016689999938535038 41616
62 0.00023799999962648144 61504
75 0.0002925000007962808 90000
100 0.0004152999999860185 160000
190 0.0010374000003139372 577600
200 0.0008143999993990292 640000
240 0.001537300000563846 921600
330 0.002880600000025879 1742400
360 0.003044699999918521 2073600
400 0.004794699999365548 2560000
490 0.007263599999532744 3841600
500 0.007646699999895645 4000000
540 0.011086700000305427 4665600
596 0.015908000000308675 5683456
719 0.02681899999970483 8271376
868 0.04308810000020458 12054784
900 0.04742740000074264 12960000
1048 0.08049230000051466 17572864
1264 0.12041779999981372 25563136
1526 0.2037164000003031 37258816
1842 0.3626462000001993 54287424
2222 0.5863307999998142 78996544
2500 0.7684334000005038 100000000
4000 2.7755585999993855 256000000
