1 0.012264500000128464 16
2 6.42000004518195e-05 64
3 2.28000008064555e-05 144
4 2.429999949526973e-05 256
5 2.1300000298651867e-05 400
6 2.1500000002561137e-05 576
7 2.1699999706470408e-05 784
9 4.5900000259280205e-05 1296
11 3.199999991920777e-05 1936
13 3.480000032141106e-05 2704
16 3.2300000384566374e-05 4096
20 6.769999981770525e-05 6400
24 0.00024259999918285757 9216
29 0.00011629999971773941 13456
35 0.0001159999992523808 19600
42 0.00010059999931399943 28224
51 0.0001742999993439298 41616
62 0.0002372999997533043 61504
75 0.00029119999999238644 90000
100 0.0003613999997469364 160000
190 0.0012551000008897972 577600
200 0.0009763999996721395 640000
240 0.0015064999997775885 921600
330 0.003884699999616714 1742400
360 0.003345699999954377 2073600
400 0.00804229999994277 2560000
490 0.007448199999998906 3841600
500 0.007668799999919429 4000000
540 0.011722100000042701 4665600
596 0.016921399999773712 5683456
719 0.028244500000255357 8271376
868 0.04452520000086224 12054784
900 0.05160320000049978 12960000
1048 0.07302869999966788 17572864
1264 0.11603110000032757 25563136
1526 0.21829000000070664 37258816
1842 0.3266369000002669 54287424
2222 0.5602992999993148 78996544
2500 0.7373293000000558 100000000
4000 2.7956148999992365 256000000
