1 0.00559889999999541 16
2 0.00023770000007061753 64
3 0.0001414000000750093 144
4 4.839999996875122e-05 256
5 4.449999983080488e-05 400
6 4.3900000036956044e-05 576
7 0.0001248000000941829 784
9 0.00012700000002041634 1296
11 0.0001269000001684617 1936
13 0.00012459999993552628 2704
16 0.00014850000002297747 4096
20 0.0001403000001118926 6400
24 0.00014559999999619322 9216
29 0.00021790000005239563 13456
35 0.00032250000003841706 19600
42 0.00026260000004185713 28224
51 0.0003209999999853608 41616
62 0.0002729000000272208 61504
75 0.00034579999987727206 90000
100 0.0003621999999268155 160000
190 0.0011062999999467138 577600
200 0.0011405000000195287 640000
240 0.0011160999999901833 921600
330 0.003427399999964109 1742400
360 0.0028402999998888845 2073600
400 0.003560200000038094 2560000
490 0.005974700000024313 3841600
500 0.005849099999977625 4000000
540 0.007983100000046761 4665600
596 0.0111807000000681 5683456
719 0.02504999999996471 8271376
868 0.03150609999988774 12054784
900 0.033451000000013664 12960000
1048 0.05111620000002404 17572864
1264 0.09338920000004691 25563136
1526 0.14130150000005415 37258816
1842 0.3885215000000244 54287424
2222 0.598865399999795 78996544
2500 0.6101380000000063 100000000
4000 2.13217439999994 256000000
