1 0.005574000000024171 16
2 0.00024140000004990725 64
3 0.0001415000001543376 144
4 0.00012980000019524596 256
5 0.00012459999993552628 400
6 0.0001085999999759224 576
7 0.00012759999981426517 784
9 0.0002297000000908156 1296
11 0.0001548000000184402 1936
13 0.000128299999914816 2704
16 0.00015159999998104468 4096
20 0.00014490000012301607 6400
24 0.00013839999996889674 9216
29 0.00015400000006593473 13456
35 0.0002308000000539323 19600
42 0.0003113000000212196 28224
51 0.00034379999988232157 41616
62 0.00025959999993574456 61504
75 0.00030879999985700124 90000
100 0.00037279999992279045 160000
190 0.0008373000000574393 577600
200 0.0008712999999715976 640000
240 0.0011359000000084052 921600
330 0.0031415999999353517 1742400
360 0.0028409999999894353 2073600
400 0.0035924000001159584 2560000
490 0.005820200000016484 3841600
500 0.006159099999877071 4000000
540 0.007969499999944674 4665600
596 0.01123120000011113 5683456
719 0.022850600000083432 8271376
868 0.030560499999864987 12054784
900 0.033505800000057206 12960000
1048 0.051260299999967174 17572864
1264 0.09446520000005876 25563136
1526 0.14236170000003767 37258816
1842 0.2337228999999752 54287424
2222 0.4006167000000005 78996544
2500 0.5388785000000098 100000000
4000 2.0650454999999965 256000000
