1 0.005574200000182827 16
2 0.00026049999996757833 64
3 0.00013829999988956843 144
4 0.00016059999984463502 256
5 5.7200000128432293e-05 400
6 4.68000000637403e-05 576
7 0.00013489999992088997 784
9 4.809999995813996e-05 1296
11 0.00013190000004215108 1936
13 0.00012859999992542726 2704
16 0.00016290000007757044 4096
20 0.00014360000000124273 6400
24 0.00014590000000680448 9216
29 0.000143900000011854 13456
35 0.00024329999996552942 19600
42 0.0002991999999721884 28224
51 0.00031430000012733217 41616
62 0.0003429000000778615 61504
75 0.00032649999980094435 90000
100 0.000367999999980384 160000
190 0.0010882999999921594 577600
200 0.0008787000001575507 640000
240 0.0011584000001221284 921600
330 0.0023908999999093794 1742400
360 0.0038463999999294174 2073600
400 0.0049487999999655585 2560000
490 0.007617400000071939 3841600
500 0.005954799999926763 4000000
540 0.008001400000011927 4665600
596 0.011375799999996161 5683456
719 0.020417800000132047 8271376
868 0.031719000000066444 12054784
900 0.034427900000082445 12960000
1048 0.0584804999998596 17572864
1264 0.09388229999990472 25563136
1526 0.17135050000001684 37258816
1842 0.2481198000000404 54287424
2222 0.44336520000001656 78996544
2500 0.5515250999999353 100000000
4000 1.9473498999998355 256000000
