1 0.00023009999995338148 16
2 8.58000000789616e-05 64
3 0.0002961000000141212 144
4 6.34000000445667e-05 256
5 5.549999991671939e-05 400
6 4.4800000068789814e-05 576
7 0.00016879999998309358 784
9 0.00013760000001639128 1296
11 0.00013469999998960702 1936
13 0.00013429999989966745 2704
16 0.00023160000000643777 4096
20 0.00014220000002751476 6400
24 0.0001511999998911051 9216
29 0.0001604999999926804 13456
35 0.0005007999998269952 19600
42 0.00034430000005158945 28224
51 0.0005701000000044587 41616
62 0.0005188000000089232 61504
75 0.000715500000069369 90000
100 0.00041699999997035775 160000
190 0.0011684999999488355 577600
200 0.0012894999999844003 640000
240 0.0017797000000427943 921600
330 0.0038165000000844884 1742400
360 0.003382499999815991 2073600
400 0.0039007000000310654 2560000
490 0.006620500000053653 3841600
500 0.006795000000010987 4000000
540 0.007845200000019759 4665600
596 0.011425400000007357 5683456
719 0.020128999999997177 8271376
868 0.03641149999998561 12054784
900 0.039834299999938594 12960000
1048 0.08243690000017523 17572864
1264 0.10208289999991393 25563136
1526 0.14956120000010742 37258816
1842 0.3058008000000427 54287424
2222 0.4925484000000324 78996544
2500 0.5565621999999166 100000000
4000 2.1658955999998852 256000000
