1 0.005706700000018827 16
2 6.260000009206124e-05 64
3 0.00022310000008474162 144
4 0.00013810000018565916 256
5 0.0001242000000729604 400
6 0.0001194999999825086 576
7 0.00012650000007852213 784
9 0.00011399999993955134 1296
11 0.0001199999999244028 1936
13 0.0001263000001472392 2704
16 0.0001326000001427019 4096
20 0.000136099999963335 6400
24 0.00011620000009315845 9216
29 0.00028150000002824527 13456
35 0.0002616000001580687 19600
42 0.00037599999996018596 28224
51 0.0003039000000626402 41616
62 0.00019550000001800072 61504
75 0.00031820000003790483 90000
100 0.0004797000001417473 160000
190 0.0008951999998316751 577600
200 0.0008993999999802327 640000
240 0.0015576999999211694 921600
330 0.0024519999999483844 1742400
360 0.0029003999998167274 2073600
400 0.003675999999813939 2560000
490 0.007957600000054299 3841600
500 0.006011700000044584 4000000
540 0.008908999999903244 4665600
596 0.012783399999989342 5683456
719 0.019498399999974936 8271376
868 0.03103640000017549 12054784
900 0.03372439999998278 12960000
1048 0.05113409999989926 17572864
1264 0.08399690000010196 25563136
1526 0.14753089999999247 37258816
1842 0.234593200000063 54287424
2222 0.4129390999999032 78996544
2500 0.5371721999999863 100000000
4000 1.9710311999999703 256000000
