1 0.005670399999871734 16
2 0.00028550000001814624 64
3 0.00014299999998002022 144
4 4.930000000058499e-05 256
5 0.00014120000014372636 400
6 0.0001242000000729604 576
7 0.00011560000007193594 784
9 0.0001129000002038083 1296
11 7.400000004054164e-05 1936
13 0.00011029999996026163 2704
16 0.00013309999985722243 4096
20 0.00012490000017351122 6400
24 0.00012979999996787228 9216
29 0.00019369999995433318 13456
35 0.0002515999999559426 19600
42 0.00036940000018148567 28224
51 0.00018160000013267563 41616
62 0.0002741999999216205 61504
75 0.00033179999991261866 90000
100 0.0005082000000129483 160000
190 0.001086999999870386 577600
200 0.0012047000000166008 640000
240 0.001578399999971225 921600
330 0.003349999999954889 1742400
360 0.003835699999854114 2073600
400 0.005284100000153558 2560000
490 0.00839059999998426 3841600
500 0.0451057000000219 4000000
540 0.01596730000005664 4665600
596 0.015599299999848881 5683456
719 0.026176600000098915 8271376
868 0.04202310000005127 12054784
900 0.09480200000007244 12960000
1048 0.07182990000001155 17572864
1264 0.11233519999996133 25563136
1526 0.19801729999994677 37258816
1842 0.3337661999999 54287424
2222 0.7467994000000999 78996544
2500 0.9594383000001017 100000000
4000 2.363676499999883 256000000
