1 0.002900499999668682 6
2 0.00022779999972044607 24
3 0.0001428999999006919 54
4 5.360000022847089e-05 96
5 0.00013650000028064824 150
6 0.0001368000002912595 216
7 0.00013070000022707973 294
9 0.00013330000001587905 486
11 0.00018360000012762612 726
13 0.0001285000003008463 1014
16 0.00020939999967595213 1536
20 0.00020349999977042899 2400
24 0.00029319999975996325 3456
29 0.0002986999998029205 5046
35 0.0002854000003935653 7350
42 0.0001988999997593055 10584
51 0.00022079999962443253 15606
62 0.000346100000115257 23064
75 0.00032420000025012996 33750
100 0.00037250000013955287 60000
190 0.0007757999997011211 216600
200 0.000865699999849312 240000
240 0.0010361999998167448 345600
330 0.0019879000001310487 653400
360 0.00223199999982171 777600
400 0.0027061999999205 960000
490 0.005282600000100501 1440600
500 0.0064390999996248866 1500000
540 0.0058316999998169194 1749600
596 0.007297099999959755 2131296
719 0.011780700000144861 3101766
868 0.018839899999875342 4520544
900 0.019769499999711115 4860000
1048 0.037350099999912345 6589824
1264 0.08678280000003724 9586176
1526 0.08683149999978923 13972056
1842 0.18602770000006785 20357784
2222 0.2540530999999646 29623704
2500 0.3067327000003388 37500000
4000 1.104805800000122 96000000
