1 0.002876300000025367 6
2 0.00020600000016202102 24
3 5.2600000344682485e-05 54
4 0.0001368000002912595 96
5 5.000000010113581e-05 150
6 0.00013069999977233238 216
7 0.00012760000026901253 294
9 0.00018699999964155722 486
11 0.00018559999989520293 726
13 0.00013519999993150122 1014
16 0.0002154000003429246 1536
20 0.00020629999971788493 2400
24 0.00028639999982260633 3456
29 0.0002795000000332948 5046
35 0.0003228000000490283 7350
42 0.00020300000005590846 10584
51 0.00021849999984624446 15606
62 0.00033810000013545505 23064
75 0.00031039999976201216 33750
100 0.0003596000001380162 60000
190 0.0007670000004509347 216600
200 0.0007520999997723266 240000
240 0.0010296000000380445 345600
330 0.001984900000024936 653400
360 0.002228400000149122 777600
400 0.002704600000015489 960000
490 0.0059056000000055064 1440600
500 0.004821999999876425 1500000
540 0.005805299999792624 1749600
596 0.007304499999918335 2131296
719 0.012158200000158104 3101766
868 0.017691800000193325 4520544
900 0.019514900000103808 4860000
1048 0.027746899999783636 6589824
1264 0.04717389999996158 9586176
1526 0.08382919999985461 13972056
1842 0.14268099999981132 20357784
2222 0.2698258000000351 29623704
2500 0.46931190000032075 37500000
4000 1.2209418000002188 96000000
