1 0.0028644999997595733 6
2 0.00021960000003673485 24
3 0.00013879999960408895 54
4 5.120000014358084e-05 96
5 4.850000004807953e-05 150
6 0.0001316000002589135 216
7 0.00012829999968744232 294
9 0.00012610000021595624 486
11 0.0001615999999557971 726
13 0.00019839999959003762 1014
16 0.0002067999998871528 1536
20 0.00021259999994072132 2400
24 0.00028810000003431924 3456
29 0.0002687000001060369 5046
35 0.00028870000005554175 7350
42 0.0002967999998872983 10584
51 0.0002345000002605957 15606
62 0.00025069999992410885 23064
75 0.00030839999999443535 33750
100 0.00036570000020219595 60000
190 0.0007688999999118096 216600
200 0.0007623000001331093 240000
240 0.001032600000144157 345600
330 0.0024972000001071137 653400
360 0.0022138999997878273 777600
400 0.0027135000000271248 960000
490 0.004793800000243209 1440600
500 0.004842499999995198 1500000
540 0.005788099999790575 1749600
596 0.007394199999907869 2131296
719 0.012064999999893189 3101766
868 0.017868100000214326 4520544
900 0.020190499999898748 4860000
1048 0.027970399999958317 6589824
1264 0.051562900000135414 9586176
1526 0.1696063999997932 13972056
1842 0.19788400000015827 20357784
2222 0.23422470000014073 29623704
2500 0.35529959999985294 37500000
4000 1.3097948999998152 96000000
