1 0.0028814000002057583 6
2 0.0002484000001459208 24
3 0.00013080000007903436 54
4 0.00011979999999311985 96
5 0.0001212000001942215 150
6 0.00011790000007749768 216
7 9.309999995821272e-05 294
9 0.00011790000007749768 486
11 0.00011790000007749768 726
13 0.00011709999989761855 1014
16 0.00020079999967492768 1536
20 0.00021289999995133257 2400
24 0.0002601999999569671 3456
29 0.0002613999999994121 5046
35 0.0003127999998469022 7350
42 0.0002245000000584696 10584
51 0.00028210000027684146 15606
62 0.0003082000002905261 23064
75 0.00028980000024603214 33750
100 0.000356399999873247 60000
190 0.0007665000002816669 216600
200 0.0011523000002853223 240000
240 0.0013898000001972832 345600
330 0.0026609999999891443 653400
360 0.002860699999928329 777600
400 0.004054300000007061 960000
490 0.005362200000035955 1440600
500 0.004899400000340393 1500000
540 0.005854099999851314 1749600
596 0.007515599999806 2131296
719 0.013106899999911548 3101766
868 0.019198899999992136 4520544
900 0.04374580000012429 4860000
1048 0.041351400000166905 6589824
1264 0.08060100000011516 9586176
1526 0.08532059999970443 13972056
1842 0.1676324999998542 20357784
2222 0.27739310000015394 29623704
2500 0.41489359999968656 37500000
4000 1.3116688999998587 96000000
