1 0.002863499999875785 6
2 0.00023199999986900366 24
3 0.00013039999976172112 54
4 0.00011979999999311985 96
5 0.00012080000033165561 150
6 0.00011769999991884106 216
7 0.0002899999999499414 294
9 0.00018520000003263704 486
11 0.0002230000000054133 726
13 0.0001314999999522115 1014
16 0.00020780000022568856 1536
20 0.0001999999999497959 2400
24 0.00026519999983065645 3456
29 0.00027929999987463816 5046
35 0.00022299999955066596 7350
42 0.00015919999987090705 10584
51 0.00023220000002766028 15606
62 0.0002552000000832777 23064
75 0.0003947999998672458 33750
100 0.00036200000022290624 60000
190 0.000939600000037899 216600
200 0.0009723000002850313 240000
240 0.0015925000002425804 345600
330 0.0026257999998051673 653400
360 0.003733200000169745 777600
400 0.0035987999999633757 960000
490 0.006030400000327063 1440600
500 0.006769099999928585 1500000
540 0.00789550000035888 1749600
596 0.009663600000294537 2131296
719 0.015707099999872298 3101766
868 0.03688240000019505 4520544
900 0.029098999999860098 4860000
1048 0.038827500000024884 6589824
1264 0.0660198999999011 9586176
1526 0.1656849000000875 13972056
1842 0.14554349999980332 20357784
2222 0.35085509999998976 29623704
2500 0.30262320000019827 37500000
4000 1.196063200000026 96000000
