1 0.002870700000130455 6
2 0.0002182000007451279 24
3 0.00013639999997394625 54
4 5.2400000640773214e-05 96
5 0.00013779999972030055 150
6 0.00012910000077681616 216
7 0.0001222000009875046 294
9 5.239999882178381e-05 486
11 0.00012909999895782676 726
13 0.00013380000018514693 1014
16 0.00022119999994174577 1536
20 0.0001993000005313661 2400
24 0.0002875000009225914 3456
29 0.00026980000075127464 5046
35 0.00032410000130767 7350
42 0.0003374999996594852 10584
51 0.00031099999978323467 15606
62 0.0002533999995648628 23064
75 0.0003328000002511544 33750
100 0.00044859999979962595 60000
190 0.0008692000010341872 216600
200 0.0010721000016928883 240000
240 0.0011348999996698694 345600
330 0.0026550000002316665 653400
360 0.0022862000005261507 777600
400 0.003293199999461649 960000
490 0.00454619999982242 1440600
500 0.004948599998897407 1500000
540 0.005790299999716808 1749600
596 0.007304700000531739 2131296
719 0.013463399998727255 3101766
868 0.017829999998866697 4520544
900 0.01979589999973541 4860000
1048 0.028216699998665717 6589824
1264 0.04754210000101011 9586176
1526 0.0818741000002774 13972056
1842 0.14309080000020913 20357784
2222 0.22656259999894246 29623704
2500 0.30544490000102087 37500000
4000 1.0974559000005684 96000000
