1 0.002899799999795505 6
2 0.00023080000028130598 24
3 0.00013760000001639128 54
4 0.00012240000069141388 96
5 0.00013560000115830917 150
6 0.00013860000035492703 216
7 0.00012999999853491317 294
9 0.00013159999980416615 486
11 0.00012879999849246815 726
13 0.00013269999908516183 1014
16 0.0002220999995188322 1536
20 0.00016370000048482325 2400
24 0.00027740000041376334 3456
29 0.00028310000016062986 5046
35 0.0002803999996103812 7350
42 0.0002288999985466944 10584
51 0.00017880000086734071 15606
62 0.00034420000156387687 23064
75 0.00040970000009110663 33750
100 0.00040079999962472357 60000
190 0.0007926999987830641 216600
200 0.0008448000007774681 240000
240 0.0011285999989922857 345600
330 0.0021582999997917796 653400
360 0.0022831000005680835 777600
400 0.002961700000014389 960000
490 0.005303199999616481 1440600
500 0.005032299999584211 1500000
540 0.0058678000004874775 1749600
596 0.007325199998376775 2131296
719 0.01557910000155971 3101766
868 0.017826299999796902 4520544
900 0.02197859999978391 4860000
1048 0.028034999999363208 6589824
1264 0.04936620000080438 9586176
1526 0.08224009999867121 13972056
1842 0.13821439999992435 20357784
2222 0.22936289999961446 29623704
2500 0.2985654000003706 37500000
4000 1.0901419999991049 96000000
