1 0.005848900000273716 8
2 0.0002642999997988227 32
3 0.00014699999974254752 72
4 0.00013590000025942572 128
5 0.0001376999998683459 200
6 0.00012789999982487643 288
7 0.00012960000003658934 392
9 5.129999999553547e-05 648
11 0.00013330000001587905 968
13 0.00012389999983497546 1352
16 0.00019669999983307207 2048
20 0.00016939999977694242 3200
24 0.00016600000026301132 4608
29 0.00014819999978499254 6728
35 0.0002816999999595282 9800
42 0.0002953000002889894 14112
51 0.00027980000004390604 20808
62 0.0003535000000738364 30752
75 0.0003876999999192776 45000
100 0.000357700000222394 80000
190 0.0007583000001432083 288800
200 0.0006387000003087451 320000
240 0.001182199999675504 460800
330 0.002130000000306609 871200
360 0.0022914000001037493 1036800
400 0.002884700000322482 1280000
490 0.0035320000001775043 1920800
500 0.004746199999772216 2000000
540 0.005840700000135257 2332800
596 0.007315700000162906 2841728
719 0.010839500000201951 4135688
868 0.022300999999970372 6027392
900 0.0226236999997127 6480000
1048 0.03347129999974641 8786432
1264 0.0546345000002475 12781568
1526 0.1454226999999264 18629408
1842 0.18763560000024881 27143712
2222 0.25077220000002853 39498272
2500 0.41569879999997283 50000000
4000 1.2167191999997158 128000000
