1 0.00409429999990607 8
2 0.0002696999999898253 32
3 0.00016619999996692059 72
4 0.0001391999999214022 128
5 0.00013519999993150122 200
6 0.00011399999993955134 288
7 0.00011399999993955134 392
9 0.0001299000000472006 648
11 5.229999987932388e-05 968
13 0.00013110000008964562 1352
16 0.0001426999997420353 2048
20 0.00013469999976223335 3200
24 0.00015299999995477265 4608
29 0.00015940000002956367 6728
35 0.00020029999996040715 9800
42 0.00030689999994137906 14112
51 0.0002691999998205574 20808
62 0.000341000000389613 30752
75 0.00038640000002487795 45000
100 0.00035590000015872647 80000
190 0.0007399000000987144 288800
200 0.0006281000000853965 320000
240 0.000841000000036729 460800
330 0.0015315999999074847 871200
360 0.0016589999995630933 1036800
400 0.001972200000182056 1280000
490 0.003494200000204728 1920800
500 0.003906599999936589 2000000
540 0.005120400000123482 2332800
596 0.006150399999569345 2841728
719 0.01000819999990199 4135688
868 0.019571799999994255 6027392
900 0.022517400000197085 6480000
1048 0.0312407000001258 8786432
1264 0.05107399999997142 12781568
1526 0.08613319999994928 18629408
1842 0.13628499999958876 27143712
2222 0.2343049000000974 39498272
2500 0.2994882999996662 50000000
4000 1.1366845000002286 128000000
