1 0.004067200000008597 8
2 7.349999987127376e-05 32
3 0.00014379999993252568 72
4 0.00012139999989813077 128
5 0.00013639999997394625 200
6 5.4399999953602673e-05 288
7 0.00013100000023769098 392
9 5.200000032345997e-05 648
11 0.0001326000001427019 968
13 5.2800000048591755e-05 1352
16 0.0001526999999441614 2048
20 0.0001129000002038083 3200
24 0.00014319999991130317 4608
29 0.0002689999996619008 6728
35 0.0002501000003576337 9800
42 0.00025649999997767736 14112
51 0.0002891999997700623 20808
62 0.00028870000005554175 30752
75 0.00032139999984792667 45000
100 0.0003704999999172287 80000
190 0.0007405999999718915 288800
200 0.0006386999998539977 320000
240 0.0008518999998159416 460800
330 0.0021100999997543113 871200
360 0.0016697999999450985 1036800
400 0.0027911000001950015 1280000
490 0.003525999999965279 1920800
500 0.003942499999993743 2000000
540 0.005044199999701959 2332800
596 0.006321800000023359 2841728
719 0.010047299999769166 4135688
868 0.025076699999772245 6027392
900 0.021624399999836896 6480000
1048 0.031527299999652314 8786432
1264 0.051029299999754585 12781568
1526 0.12068890000000465 18629408
1842 0.16745170000012877 27143712
2222 0.22780139999986204 39498272
2500 0.3748316999999588 50000000
4000 1.243972499999927 128000000
