1 0.004058499999700871 8
2 0.0002521000001252105 32
3 0.00013650000028064824 72
4 0.00017049999996743281 128
5 0.0001615999999557971 200
6 0.0001351000000795466 288
7 0.00012240000023666653 392
9 0.00013429999989966745 648
11 9.610000006432529e-05 968
13 9.879999970507924e-05 1352
16 0.00014079999982641311 2048
20 0.0001495999999860942 3200
24 0.000152900000102818 4608
29 0.00014789999977438129 6728
35 0.0002764999999271822 9800
42 0.0002839999997377163 14112
51 0.0002912999998443411 20808
62 0.0003415000001041335 30752
75 0.000325299999985873 45000
100 0.00038679999988744385 80000
190 0.0008583999997426872 288800
200 0.0006321000000752974 320000
240 0.0011486000003060326 460800
330 0.00208199999997305 871200
360 0.001719500000035623 1036800
400 0.002790000000004511 1280000
490 0.004968700000063109 1920800
500 0.003889199999775883 2000000
540 0.0064108999999916705 2332800
596 0.006129699999746663 2841728
719 0.010014999999839347 4135688
868 0.019483300000047166 6027392
900 0.021296600000368926 6480000
1048 0.03420479999977033 8786432
1264 0.05119109999986904 12781568
1526 0.08985050000001138 18629408
1842 0.13819380000040837 27143712
2222 0.22924409999995987 39498272
2500 0.31436889999986306 50000000
4000 1.078805099999954 128000000
