1 0.004052599999795348 8
2 0.00017750000006344635 32
3 6.140000004961621e-05 72
4 0.00013970000009067007 128
5 0.00013000000035390258 200
6 0.00013350000017453567 288
7 5.400000009103678e-05 392
9 0.00012689999994108803 648
11 0.00013039999976172112 968
13 5.2800000048591755e-05 1352
16 0.000141299999995681 2048
20 0.0001339999998890562 3200
24 0.00015140000004976173 4608
29 0.00020180000001346343 6728
35 0.00026700000034907134 9800
42 0.0002638999999362568 14112
51 0.0002674999996088445 20808
62 0.0003455000000940345 30752
75 0.0003073000002586923 45000
100 0.0003560000000106811 80000
190 0.0007330000003094028 288800
200 0.0006253999999898952 320000
240 0.000833500000226195 460800
330 0.0015350999997281178 871200
360 0.0016696000002411893 1036800
400 0.001969500000086555 1280000
490 0.0034877999996751896 1920800
500 0.0038989999998193525 2000000
540 0.005073799999991024 2332800
596 0.006173999999646185 2841728
719 0.01012689999970462 4135688
868 0.01981230000001233 6027392
900 0.02537770000026285 6480000
1048 0.0347076000002744 8786432
1264 0.053816099999949074 12781568
1526 0.08736310000040248 18629408
1842 0.1380688000003829 27143712
2222 0.24008530000037354 39498272
2500 0.3080328000000918 50000000
4000 1.0839273000001413 128000000
