1 0.004081300000052579 8
2 0.00025319999986095354 32
3 6.149999990157085e-05 72
4 5.1500000154192094e-05 128
5 5.01000004078378e-05 200
6 4.8800000058690784e-05 288
7 0.0001419000000169035 392
9 0.00012250000008862116 648
11 0.0001604999997653067 968
13 0.00013600000011138036 1352
16 0.00015979999989212956 2048
20 0.00015209999992293888 3200
24 0.00015519999988100608 4608
29 0.00015399999983856105 6728
35 0.00026750000006359187 9800
42 0.00031749999970998033 14112
51 0.00035620000016933773 20808
62 0.0003525999995872553 30752
75 0.0004162000000178523 45000
100 0.00045069999987390474 80000
190 0.0007395000002361485 288800
200 0.0006378999996741186 320000
240 0.0008318000000144821 460800
330 0.0016108000004351197 871200
360 0.001654099999996106 1036800
400 0.0019993999999314838 1280000
490 0.0035060000000157743 1920800
500 0.005549400000290916 2000000
540 0.005319299999882787 2332800
596 0.006201700000019628 2841728
719 0.010123599999587896 4135688
868 0.019733999999971275 6027392
900 0.022567099999832863 6480000
1048 0.03143529999988459 8786432
1264 0.051031999999850086 12781568
1526 0.08803500000021813 18629408
1842 0.1372491999995873 27143712
2222 0.22273300000006202 39498272
2500 0.30253959999981817 50000000
4000 1.1544882000002872 128000000
