1 0.0028088000000252578 8
2 5.4399999953602673e-05 32
3 4.6599999961927097e-05 72
4 4.7900000026857015e-05 128
5 3.90000000152213e-05 200
6 2.9900000015459227e-05 288
7 2.870000002985762e-05 392
9 5.369999996673869e-05 648
11 4.309999997076375e-05 968
13 4.319999999324864e-05 1352
16 4.979999999932261e-05 2048
20 8.569999999963329e-05 3200
24 0.00013960000001134176 4608
29 0.00012479999998049607 6728
35 0.00012380000003986424 9800
42 0.00011969999997063496 14112
51 0.00018710000000510263 20808
62 0.00040350000000444197 30752
75 0.0004941999999914515 45000
100 0.0005665000000476539 80000
190 0.0012218000000530083 288800
200 0.0011430999999788582 320000
240 0.0019604999999955908 460800
330 0.004218999999977768 871200
360 0.005227400000023863 1036800
400 0.006966799999986506 1280000
490 0.008569700000009561 1920800
500 0.008357600000010734 2000000
540 0.012167900000008558 2332800
596 0.017832199999986642 2841728
719 0.029121800000041276 4135688
868 0.04569859999998016 6027392
900 0.05167210000001887 6480000
1048 0.0802077999999824 8786432
1264 0.1196297000000186 12781568
1526 0.212270100000012 18629408
1842 0.3200704999999857 27143712
2222 0.5511654000000021 39498272
2500 0.7418465999999739 50000000
4000 2.6897256999999968 128000000
