1 0.0027900999999701526 8
2 5.9000000021569576e-05 32
3 4.710000001750814e-05 72
4 3.300000003036985e-05 128
5 4.589999997506311e-05 200
6 4.539999997632549e-05 288
7 3.8099999983387534e-05 392
9 5.719999995790204e-05 648
11 4.320000005009206e-05 968
13 4.269999999451102e-05 1352
16 4.7399999971275975e-05 2048
20 8.710000003020468e-05 3200
24 0.0001272000000085427 4608
29 0.00012379999998302083 6728
35 0.00012289999995118706 9800
42 0.00012080000004743852 14112
51 0.0001847999999995409 20808
62 0.00039789999999584325 30752
75 0.0004949000000351589 45000
100 0.000557200000002922 80000
190 0.001173099999959959 288800
200 0.0011412000000063927 320000
240 0.0014570999999818923 460800
330 0.004260299999998551 871200
360 0.0052866999999992 1036800
400 0.004976100000021688 1280000
490 0.008572399999991376 1920800
500 0.008262100000024475 2000000
540 0.012091199999986202 2332800
596 0.017555000000015752 2841728
719 0.028932600000018738 4135688
868 0.04536990000002561 6027392
900 0.05152970000000323 6480000
1048 0.07387389999996685 8786432
1264 0.11848489999999856 12781568
1526 0.203980300000012 18629408
1842 0.3286568999999986 27143712
2222 0.5535302000000115 39498272
2500 0.7409539999999879 50000000
4000 2.679939499999989 128000000
