1 0.0009913999999753287 8
2 0.00018169999998463027 32
3 4.3500000003859896e-05 72
4 3.540000000157306e-05 128
5 4.150000000890941e-05 200
6 4.319999999324864e-05 288
7 4.890000002433226e-05 392
9 0.006919600000003356 648
11 8.880000001454391e-05 968
13 4.9699999976837717e-05 1352
16 4.500000000007276e-05 2048
20 0.00028909999997495106 3200
24 0.00021519999995689432 4608
29 0.00012820000000601794 6728
35 0.00011860000000751825 9800
42 0.00012680000003228997 14112
51 0.00021910000003799723 20808
62 0.0002160000000230866 30752
75 0.0009704999999939901 45000
100 0.0004610000000297987 80000
190 0.0021324999999592364 288800
200 0.001654500000029202 320000
240 0.002590400000030968 460800
330 0.005124500000022181 871200
360 0.005604500000004009 1036800
400 0.03056090000001177 1280000
490 0.012157999999999447 1920800
500 0.013250799999980245 2000000
540 0.013091000000031272 2332800
596 0.017736800000022868 2841728
719 0.029493900000034046 4135688
868 0.04608020000000579 6027392
900 0.05181759999999258 6480000
1048 0.0764297000000056 8786432
1264 0.1570831999999882 12781568
1526 0.2084737000000132 18629408
1842 0.3704086999999845 27143712
2222 0.5693233999999734 39498272
2500 0.7472695000000158 50000000
4000 2.7189505000000054 128000000
