1 0.0028364000000351552 8
2 5.459999999857246e-05 32
3 4.589999997506311e-05 72
4 4.7399999971275975e-05 128
5 6.65000000026339e-05 200
6 3.7699999950291385e-05 288
7 3.040000001419685e-05 392
9 5.51000000541535e-05 648
11 4.08999999876869e-05 968
13 4.200000000764703e-05 1352
16 4.630000000815926e-05 2048
20 7.34999999849606e-05 3200
24 0.000137999999992644 4608
29 0.00012609999998858257 6728
35 0.0001189000000181295 9800
42 0.00011799999998629573 14112
51 0.00018740000001571389 20808
62 0.000402100000030714 30752
75 0.0004858000000353968 45000
100 0.0005878000000052452 80000
190 0.001205999999967844 288800
200 0.001146099999971284 320000
240 0.0019733999999971275 460800
330 0.004263600000001588 871200
360 0.0038602000000196313 1036800
400 0.005085000000008222 1280000
490 0.008347399999991012 1920800
500 0.008615000000020245 2000000
540 0.012349799999981315 2332800
596 0.017786999999998443 2841728
719 0.02896779999997534 4135688
868 0.04528520000002345 6027392
900 0.05033900000000813 6480000
1048 0.0739135000000033 8786432
1264 0.11932640000003403 12781568
1526 0.1970986000000039 18629408
1842 0.33191219999997656 27143712
2222 0.5572523999999817 39498272
2500 0.7458808999999746 50000000
4000 2.6930362000000514 128000000
