1 0.002771800000004987 8
2 5.649999997103805e-05 32
3 4.6499999996285624e-05 72
4 4.8400000025594636e-05 128
5 4.500000000007276e-05 200
6 4.7499999993760866e-05 288
7 3.4700000014709076e-05 392
9 5.620000001727021e-05 648
11 4.73000000056345e-05 968
13 4.380000001447115e-05 1352
16 4.319999999324864e-05 2048
20 8.239999999659631e-05 3200
24 0.0001354999999989559 4608
29 0.00012440000000424334 6728
35 0.00012390000000550572 9800
42 0.00012129999998933272 14112
51 0.0001814999999965039 20808
62 0.00039709999998649437 30752
75 0.0004743000000075881 45000
100 0.0005798999999910848 80000
190 0.0012002999999936037 288800
200 0.001141500000017004 320000
240 0.0014409999999998035 460800
330 0.003000299999996514 871200
360 0.003822899999988749 1036800
400 0.004977800000006027 1280000
490 0.00826000000000704 1920800
500 0.008310299999948256 2000000
540 0.012558000000012726 2332800
596 0.017980300000033367 2841728
719 0.028771500000004835 4135688
868 0.04546600000003309 6027392
900 0.05178810000001022 6480000
1048 0.09132870000001958 8786432
1264 0.11861010000001215 12781568
1526 0.2028947999999673 18629408
1842 0.32152659999997013 27143712
2222 0.5561597000000233 39498272
2500 0.754837200000054 50000000
4000 2.6925644000000375 128000000
