1 0.002781800000036583 8
2 5.649999997103805e-05 32
3 4.6499999996285624e-05 72
4 4.8300000003109744e-05 128
5 4.500000000007276e-05 200
6 4.710000001750814e-05 288
7 3.0299999991711957e-05 392
9 5.440000001044609e-05 648
11 4.319999999324864e-05 968
13 4.400000000259752e-05 1352
16 4.73000000056345e-05 2048
20 8.159999998724743e-05 3200
24 0.00013839999996889674 4608
29 0.00012939999999161955 6728
35 0.00012440000000424334 9800
42 0.00012110000000120635 14112
51 0.00018510000001015214 20808
62 0.0003994999999576976 30752
75 0.0005097000000091612 45000
100 0.0005201000000170097 80000
190 0.0012166999999863037 288800
200 0.0011212000000000444 320000
240 0.0015747000000487787 460800
330 0.00422609999998258 871200
360 0.003843999999958214 1036800
400 0.004945000000020627 1280000
490 0.008278700000005301 1920800
500 0.00824760000000424 2000000
540 0.0124222999999688 2332800
596 0.017732899999998608 2841728
719 0.028998699999988276 4135688
868 0.04534909999995307 6027392
900 0.051341699999966295 6480000
1048 0.0770418000000177 8786432
1264 0.11878139999998893 12781568
1526 0.197042300000021 18629408
1842 0.33292239999997264 27143712
2222 0.5585743999999977 39498272
2500 0.7399570999999696 50000000
4000 2.6851451999999654 128000000
