1 0.002812699999992674 8
2 0.00030449999997017585 32
3 4.799999999249849e-05 72
4 4.680000000689688e-05 128
5 4.579999995257822e-05 200
6 4.6999999995023245e-05 288
7 3.040000001419685e-05 392
9 5.959999998594867e-05 648
11 4.619999998567437e-05 968
13 4.419999999072388e-05 1352
16 4.230000001825829e-05 2048
20 8.81999999933214e-05 3200
24 0.000138699999979508 4608
29 0.0001244999999698848 6728
35 0.00012219999996432307 9800
42 0.00012070000002495362 14112
51 0.00018460000001141452 20808
62 0.0003993999999920561 30752
75 0.0004923000000189859 45000
100 0.0005562999999710883 80000
190 0.0014535000000250875 288800
200 0.001134100000001581 320000
240 0.0014443000000028405 460800
330 0.003002799999990202 871200
360 0.00395739999999023 1036800
400 0.004985599999997703 1280000
490 0.008587099999999737 1920800
500 0.012004400000023452 2000000
540 0.012166100000001734 2332800
596 0.017418899999995574 2841728
719 0.028724699999997938 4135688
868 0.04534619999998313 6027392
900 0.051521399999955975 6480000
1048 0.07399030000004814 8786432
1264 0.11906579999998712 12781568
1526 0.20540379999999914 18629408
1842 0.3329239000000257 27143712
2222 0.5524589999999989 39498272
2500 0.7371967999999924 50000000
4000 2.684976699999993 128000000
