2 0.00046550000024581095 0.001067700000021432
5 0.00042979999943781877 0.0018280000003869645
10 0.00048009999954956584 0.0029856999999537948
16 0.0005614000001514796 0.004262600000402017
32 0.0011380000005374313 0.008213799999793991
60 0.0019916000001103384 0.015925299999253184
130 0.005834999999933643 0.03499330000067857
260 0.01856599999973696 0.0720141000001604
550 0.08082609999928536 0.1617595000006986
1050 0.28653659999963565 0.34863680000034947
2100 1.1169005000001562 0.9506913000004715
4100 4.399264499999845 2.9091807000004337
4500 5.168810600000143 3.062723499999265
