2 0.0004372000003058929 0.031364899999971385
5 0.0005147000001670676 0.0017968000001928885
10 0.0006262999995669816 0.0033920000005309703
16 0.0006683999999950174 0.004565000000184227
32 0.001106400000026042 0.008532599999853119
60 0.002184300000408257 0.016747900000154914
130 0.005989299999782816 0.03551509999942937
260 0.018563800000265473 0.07374069999968924
550 0.08049010000013368 0.16321340000013151
1050 0.2851577000001271 0.3588487000006353
2100 1.1332351000000926 0.9195331999999325
4100 4.100470100000166 2.5912422999999762
4500 5.092333900000085 3.160718999999517
