2 6.52999997328152e-05 0.04588849999981903
5 3.6699999327538535e-05 0.00031600000056641875
10 0.000120499999866297 0.00012310000056459103
16 9.260000024369219e-05 0.05821159999959491
32 0.00023540000074717682 0.00013029999990976648
60 0.0008711000000403146 0.08388359999935346
130 0.0031799999997019768 0.02046840000002703
260 0.012387499999931606 0.0017735000001266599
550 0.06283749999965949 0.009359600000607315
1050 0.22697419999985868 0.05314550000002782
2100 0.9646677000000636 0.33338179999918793
4100 3.544321999999738 2.2290695000001506
4500 4.268460499999492 2.7497387000003073
