2 3.110000034212135e-05 0.01938830000017333
5 3.819999983534217e-05 7.060000007186318e-05
10 5.520000013348181e-05 5.289999990054639e-05
16 9.080000018002465e-05 6.810000013501849e-05
32 0.00024509999911970226 9.700000009615906e-05
60 0.0007171000006565009 0.0003127999998469022
130 0.0031756999997014645 0.0006290000001172302
260 0.012558000000353786 0.0013738999996348866
550 0.06307550000019546 0.009186299999782932
1050 0.22663639999973384 0.05272320000040054
2100 0.9211666999999579 0.3175291000006837
4100 3.545125800000278 2.5147556000001714
4500 4.2857340999999 2.746543500000371
