2 0.0005573999997068313 6.759999996575061e-05
5 5.63000003239722e-05 4.4800000068789814e-05
10 6.189999930938939e-05 3.5200000638724305e-05
16 9.440000030735973e-05 3.3599999369471334e-05
32 0.00024870000015653204 8.160000015777769e-05
60 0.0009955000004993053 9.049999971466605e-05
130 0.003406100000574952 0.00026559999969322234
260 0.0129586000002746 0.0006112999999459134
550 0.06324899999981426 0.004455500000403845
1050 0.22766569999930653 0.024634400000650203
2100 0.921545199999855 0.14222280000012688
4100 3.537923099999716 0.7688672000003862
4500 4.290475300000253 0.9388958999998067
