2 0.0004543999993984471 0.001052700000400364
5 0.00037820000034116674 0.0016743999995014747
10 0.00046469999961118447 0.0028535999999803607
16 0.0005823999999847729 0.004437900000084483
32 0.0009797000002436107 0.00818040000012843
60 0.0019921999992220663 0.015968100000463892
130 0.005875700000615325 0.03442379999978584
260 0.0185711000003721 0.07167589999971824
550 0.08018749999973807 0.1619754000003013
1050 0.2810418999997637 0.3301806999998007
2100 1.0876664999996137 0.8767615000006117
4100 4.164958899999874 2.6075394999998025
4500 4.943144100000609 3.0272958999994444
