2 0.00044020000041200547 0.0006449000002248795
5 0.0003932999998141895 0.00035010000010515796
10 0.0004540999998425832 0.000410800000281597
16 0.0005772000004071742 0.00037319999955798266
32 0.000992999999652966 0.00034450000021024607
60 0.0018901000003097579 0.00012679999963438604
130 0.005927400000473426 0.0002426999999443069
260 0.018614700000398443 0.00028159999965282623
550 0.08031389999996463 0.0003778000000238535
1050 0.28161199999976816 0.0006551000005856622
2100 1.0880589999997028 0.001047100000505452
4100 4.099009500000648 0.002460199999404722
4500 4.9230117999995855 0.002608699999655073
