2 8.969999998953426e-05 0.24601280000024417
5 6.679999933112413e-05 5.030000011174707e-05
10 7.210000057966681e-05 0.30439560000013444
16 0.00010740000016085105 4.8099999730766285e-05
32 0.0004965000007359777 0.10262039999997796
60 0.0009966999996322556 0.00013440000020636944
130 0.0035521000008884585 0.00037119999979040585
260 0.013025899999774992 0.054361700000299606
550 0.06288589999985561 0.004965000000083819
1050 0.22889169999962178 0.024921300000642077
2100 0.9314715999998953 0.1888625999999931
4100 3.6056805000007444 0.7703684999996767
4500 4.266518700000233 0.9354813999998441
