2 0.00043390000064391643 0.000554599999304628
5 0.00038580000000365544 0.0003586999991966877
10 0.0004561000005196547 0.0003428999998504878
16 0.000579200000174751 0.00034779999987222254
32 0.00099320000026637 0.00013349999971978832
60 0.001896199999464443 0.000156799999786017
130 0.005900699999983772 0.00021769999966636533
260 0.018554000000222004 0.0002832000000125845
550 0.08025200000065524 0.00039029999970807694
1050 0.2822795000001861 0.0007048999996186467
2100 1.1050311999997575 0.0010578999999779626
4100 4.104263100000026 0.0018135000000256696
4500 5.065269299999272 0.002647600000273087
