2 3.1800000215298496e-05 0.0201628000004348
5 3.909999941242859e-05 7.170000026235357e-05
10 5.4600000112259295e-05 5.2999999752501026e-05
16 9.140000020124717e-05 6.800000028306386e-05
32 0.00023189999956230167 0.00033290000010310905
60 0.000756800000090152 0.0002279999998791027
130 0.0031803000001673354 0.0005225999993854202
260 0.012515299999904528 0.0014185999998517218
550 0.06312960000013845 0.008513699999639357
1050 0.22575990000041202 0.05276210000010906
2100 0.9187369999999646 0.31354360000023007
4100 3.532447999999931 2.1881355000004987
4500 4.257852300000195 2.731682499999806
