2 0.0004623000004357891 0.0003876999999192776
5 0.00040079999962472357 0.000938500000302156
10 0.0004977999997208826 0.0003780999995797174
16 0.0005775999998149928 0.00036950000048818765
32 0.00095930000043154 0.00010740000016085105
60 0.0018868999995902414 0.0001267000006919261
130 0.0059181999995416845 0.00018050000016955892
260 0.01872810000077152 0.00023739999960525893
550 0.07999869999912335 0.00038550000044779154
1050 0.28797259999919333 0.0006699000005028211
2100 1.1214011000001847 0.00116379999963101
4100 4.228052000000389 0.002826199999617529
4500 5.952583300000697 0.0031795999993846635
