2 3.2899999496294186e-05 0.02026910000040516
5 5.3700000535172876e-05 8.280000020022271e-05
10 6.08000000283937e-05 6.149999990157085e-05
16 8.560000060242601e-05 6.809999922552379e-05
32 0.00022290000015345868 9.489999956713291e-05
60 0.0006792000003770227 0.0002392999995208811
130 0.0031441999999515247 0.0005304999995132675
260 0.012528399999609974 0.0013765000003331807
550 0.06320440000035887 0.008751200000006065
1050 0.24171349999960512 0.06349279999994906
2100 1.0061302000003707 0.3396849000000657
4100 3.7672302999999374 2.458218599999782
4500 4.537088400000357 2.7909983999998076
