2 0.0004535000007308554 0.0010541999999986729
5 0.00039920000017446 0.0016937000000325497
10 0.00046610000026703347 0.002856899999642337
16 0.000622300000031828 0.004456100000425067
32 0.001009199999316479 0.008162699999957113
60 0.00199369999972987 0.016103300000395393
130 0.005849899999702757 0.03466590000061842
260 0.01889480000045296 0.07095849999950588
550 0.08016029999998864 0.16322760000002745
1050 0.28115770000022167 0.334581199999775
2100 1.0876257999998415 0.8661362000002555
4100 4.098349799999596 2.6963916000004247
4500 4.933675199999925 3.044313499999589
