2 0.0005425999997896724 0.00011050000011891825
5 0.0001264000002265675 4.470000021683518e-05
10 6.179999945743475e-05 3.590000051190145e-05
16 9.380000028613722e-05 3.370000013092067e-05
32 0.0002471000007062685 7.079999977577245e-05
60 0.0009466999999858672 0.000105000000075961
130 0.003493999999591324 0.0002936000000772765
260 0.012983599999643047 0.0008064000003287219
550 0.06334010000045964 0.004409999999552383
1050 0.22884690000046248 0.03164029999970808
2100 0.9225803999997879 0.14108529999975872
4100 3.546776399999544 0.7651635000001988
4500 4.267821599999479 0.9412468000000445
