2 0.0004245999998602201 6.759999996575061e-05
5 0.00012240000069141388 4.489999992074445e-05
10 6.69999999445281e-05 4.530000023805769e-05
16 9.450000015931437e-05 3.7599999814119656e-05
32 0.000462599999991653 7.889999960752903e-05
60 0.0009337999999843305 9.57000002017594e-05
130 0.0034570999996503815 0.00028190000011818483
260 0.012963099999979022 0.001328500000454369
550 0.06337059999987105 0.004523700000390818
1050 0.23342559999946388 0.12072260000059032
2100 0.9637292999996134 0.14558070000020962
4100 3.8676687000006496 0.8583111999996618
4500 4.849905900000522 1.4433301999997639
