2 0.05371819999982108 0.06344769999941491
5 0.0004287000001568231 0.0009393000000272878
10 0.0006143999999039806 0.0005479000001287204
16 0.0006339999999909196 0.0004902000000583939
32 0.0011592000000746339 0.00017179999940708512
60 0.001937500000167347 0.00022960000023886096
130 0.00603289999980916 0.00018220000038127182
260 0.018634400000337337 0.00021939999987807823
550 0.08056680000026972 0.0004374999998617568
1050 0.28278899999986606 0.0008164000000761007
2100 1.1076270000003205 0.0013400999996520113
4100 4.195519899999454 0.002523000000110187
4500 4.9385041000005 0.0026111999995919177
