1 0.010725000000093132 16
2 0.00026669999897421803 64
3 0.00013209999997343402 144
4 0.0001289000010729069 256
5 0.0001267000006919261 400
6 0.00011980000090261456 576
7 0.00012600000081874896 784
9 0.00012600000081874896 1296
11 0.00012029999925289303 1936
13 0.00010939999992842786 2704
16 0.00015050000001792796 4096
20 0.00014309999824035913 6400
24 0.00014829999963694718 9216
29 0.00021700000070268288 13456
35 0.000276099999609869 19600
42 0.0004133000002184417 28224
51 0.0003077000001212582 41616
62 0.0002789999998640269 61504
75 0.0003529999994498212 90000
100 0.0003839999990304932 160000
190 0.0007695000003877794 577600
200 0.0008039999993343372 640000
240 0.0014905000007274793 921600
330 0.0024314999991474906 1742400
360 0.003645300001153373 2073600
400 0.003487600000880775 2560000
490 0.008251899998867884 3841600
500 0.008734999999433057 4000000
540 0.0079913999998098 4665600
596 0.018011300000580377 5683456
719 0.020765699999174103 8271376
868 0.03110039999955916 12054784
900 0.03504160000011325 12960000
1048 0.06241720000070927 17572864
1264 0.08416070000021136 25563136
1526 0.14901350000036473 37258816
1842 0.24409470000136935 54287424
2222 0.4084314000010636 78996544
2500 0.632455500001015 100000000
4000 2.103500500001246 256000000
