1 0.010646200000337558 16
2 0.0002621000003273366 64
3 0.0001174000008177245 144
4 0.00012450000031094532 256
5 0.00012240000069141388 400
6 0.00011850000009872019 576
7 0.00012460000107239466 784
9 0.00011129999984405003 1296
11 0.00012600000081874896 1936
13 0.00011199999971722718 2704
16 0.00015689999963797163 4096
20 0.000143599998409627 6400
24 0.0001112000009015901 9216
29 0.0002153999994334299 13456
35 0.0002502000006643357 19600
42 0.0003132999991066754 28224
51 0.000314799999614479 41616
62 0.0002606999987619929 61504
75 0.0003887999992002733 90000
100 0.0003913000000466127 160000
190 0.0007224000000860542 577600
200 0.001079300000128569 640000
240 0.0010433999996166676 921600
330 0.0024791999985609436 1742400
360 0.0030242999982874608 2073600
400 0.0037099000001035165 2560000
490 0.007220500001494656 3841600
500 0.006155499999294989 4000000
540 0.008295800000269082 4665600
596 0.011845299999549752 5683456
719 0.019908300000679446 8271376
868 0.03111710000121093 12054784
900 0.03408329999911075 12960000
1048 0.05404850000013539 17572864
1264 0.08740950000174053 25563136
1526 0.1613892000004853 37258816
1842 0.24517759999980626 54287424
2222 0.4747085999988485 78996544
2500 0.5734150999996928 100000000
4000 2.0929025000004913 256000000
