1 0.00014379999993252568 16
2 9.76999999693362e-05 64
3 4.9199999921256676e-05 144
4 4.389999958220869e-05 256
5 4.2800000301213004e-05 400
6 4.140000055485871e-05 576
7 0.0007083999989845324 784
9 0.00013780000153928995 1296
11 0.00013080000098852906 1936
13 0.00013169999874662608 2704
16 0.0001650000012887176 4096
20 0.00014960000044084154 6400
24 0.00015359999997599516 9216
29 0.00017640000078245066 13456
35 0.0003496999997878447 19600
42 0.0003316999991511693 28224
51 0.0003508000008878298 41616
62 0.00033290000101260375 61504
75 0.00039450000076612923 90000
100 0.00038329999915731605 160000
190 0.0008617000003141584 577600
200 0.0008804999997664709 640000
240 0.001187500000014552 921600
330 0.002514300000257208 1742400
360 0.0031856000005063834 2073600
400 0.0037350000002334127 2560000
490 0.006085499999244348 3841600
500 0.006392000001142151 4000000
540 0.010077999999339227 4665600
596 0.0159975000005943 5683456
719 0.02374239999880956 8271376
868 0.0447866000013164 12054784
900 0.03548469999986992 12960000
1048 0.052462400000877096 17572864
1264 0.08363420000023325 25563136
1526 0.2965394999991986 37258816
1842 0.3274913999994169 54287424
2222 0.4757597000007081 78996544
2500 0.6222282999988238 100000000
4000 2.127464399998644 256000000
