2 0.00010359999987485935 3.3400000120309414e-05
5 7.530000038968865e-05 1.9499999780236976e-05
10 0.00010140000040337327 1.4799999917158857e-05
16 0.00029600000016216654 1.4599999758502236e-05
32 0.0007301000000552449 6.91000000188069e-05
60 0.0016646999997647072 0.00015510000002905144
130 0.006642599999850063 0.000483299999814335
260 0.02784700000029261 0.0013550999997278268
550 0.12842389999968873 0.011672200000248267
1050 0.5455834999997933 0.03851759999997739
2100 1.9059402000002592 0.2820465999998305
4100 7.03936399999975 1.716322300000229
4500 8.436490000000049 2.091413300000113
