2 0.0011930000000575092 0.0001926999998431711
5 0.0007668999996894854 0.00018010000030699302
10 0.0009877000002234126 0.00018049999971481157
16 0.001222200000029261 0.00018349999982092413
32 0.002163500000278873 0.00018819999968400225
60 0.00406040000007124 0.0002023000001827313
130 0.011873200000081852 0.00020439999980226276
260 0.03697370000008959 0.0002116000000569329
550 0.1588397000000441 0.000439399999777379
1050 0.5487013000001753 0.0009608999998818035
2100 2.1279528999998547 0.0033519000003252586
4100 8.178299900000184 0.010719099999732862
4500 9.837430499999755 0.012316499999997177
