2 0.0007605000000694417 0.0001876000001175271
5 0.0008041999999477412 0.0001833999999689695
10 0.0009551999996801896 0.0001855000000432483
16 0.0012257999997018487 0.00017350000007354538
32 0.0020448999998734507 0.00019040000006498303
60 0.004087799999979325 0.00020080000012967503
130 0.01194149999992078 0.00020360000007713097
260 0.036936900000000605 0.0003279000002294197
550 0.15888630000017656 0.00041980000014518737
1050 0.5518603000000439 0.001068099999883998
2100 2.1278102999999646 0.0033030999998118205
4100 8.131443799999943 0.010115800000221498
4500 9.658849999999802 0.012105700000120123
