2 8.990000014819088e-05 2.5999999706982635e-05
5 7.00999999025953e-05 1.5500000245083356e-05
10 0.00010160000010728254 1.5299999631679384e-05
16 0.00017980000029638177 1.5699999948992627e-05
32 0.0007218999999167863 3.6500000078376615e-05
60 0.0017268999999942025 9.789999967324547e-05
130 0.006556699999691773 0.00018940000018119463
260 0.025612200000068697 0.0005440999998427287
550 0.12682409999979427 0.006566000000020722
1050 0.4576297999997223 0.031018700000004173
2100 1.8579623000000538 0.22303409999994983
4100 7.122913100000005 1.692120100000011
4500 8.616753700000118 2.0995443000001615
