2 0.0010992000002261193 0.00019549999979062704
5 0.000975899999957619 0.00018230000023322646
10 0.0010864999999284919 0.0001870999999482592
16 0.0012962000000698026 0.00017590000015843543
32 0.0020402999998623272 0.00019729999985429458
60 0.004103999999642838 0.00019840000004478497
130 0.012853300000188028 0.00021229999993011006
260 0.03879010000036942 0.00030010000000402215
550 0.16066259999979593 0.00045600000021295273
1050 0.5717842999997629 0.0009635999999773048
2100 2.1360312000001613 0.002913799999987532
4100 8.056581199999982 0.011125000000447471
4500 9.699877500000184 0.013794899999993504
