2 9.200000022246968e-05 2.5800000003073364e-05
5 6.810000013501849e-05 1.560000009703799e-05
10 0.00010340000017095008 1.52000002344721e-05
16 0.00018009999985224567 1.740000016070553e-05
32 0.0007433000000673928 4.560000024866895e-05
60 0.0015937000002850255 0.00029629999971803045
130 0.006698400000004767 0.0002266000001327484
260 0.025412999999844033 0.0010212000001956767
550 0.12755040000001827 0.008628999999928055
1050 0.47719080000024405 0.05691579999984242
2100 1.868443599999864 0.22569849999990765
4100 7.158402399999886 1.7142221000003701
4500 8.610052500000165 2.0891216999998505
