2 8.819999993647798e-05 5.5499999689345714e-05
5 7.21999999768741e-05 1.740000016070553e-05
10 0.0001306000003751251 1.5499999790336005e-05
16 0.0003961999996136001 1.4500000361294951e-05
32 0.0007236999999804539 3.240000023652101e-05
60 0.0017183000004479254 8.759999991525547e-05
130 0.006555999999818596 0.00017840000009528012
260 0.025323500000013155 0.0005506000002242217
550 0.12580460000026505 0.006292999999914173
1050 0.45610080000005837 0.03028699999958917
2100 1.8559027000001151 0.2280972999997175
4100 7.155027900000277 1.6991340999998101
4500 8.847806400000081 2.5864408000002186
