2 0.000801200000296376 0.00018950000003314926
5 0.0007791000002725923 0.00018409999984214664
10 0.0011211000000912463 0.00018640000007508206
16 0.0012498999999479565 0.00018650000038178405
32 0.002102999999806343 0.00019320000001243898
60 0.004298800000015035 0.00020530000028884388
130 0.01197279999996681 0.00020610000001397566
260 0.03729289999955654 0.00022090000038588187
550 0.15962730000001102 0.0004481000000851054
1050 0.5569703999999547 0.0011697999998432351
2100 2.1301279000003888 0.003288099999736005
4100 8.117797899999914 0.010217399999874033
4500 9.708623500000158 0.012257400000180496
