2 8.470000011584489e-05 2.4899999971239595e-05
5 7.21999999768741e-05 1.810000003388268e-05
10 0.00010109999993801466 1.6400000276917126e-05
16 0.00022119999994174577 1.650000012887176e-05
32 0.0005016000000068743 0.00016600000026301132
60 0.001691099999789003 8.449999995718827e-05
130 0.006559999999808497 0.00012500000002546585
260 0.02561439999999493 0.000557300000309624
550 0.1264762000000701 0.005885400000352092
1050 0.45494079999980386 0.030883400000220718
2100 1.8285750000000007 0.2209592000003795
4100 6.984319900000173 1.6791063000000577
4500 8.460367300000144 2.1170256999998855
