2 8.849999994708924e-05 2.590000030977535e-05
5 7.169999980760622e-05 1.610000026630587e-05
10 0.00010579999980109278 1.6200000118260505e-05
16 0.00042209999992337544 1.939999992828234e-05
32 0.00048339999966628966 0.00023989999999685097
60 0.0016759000000092783 8.460000026389025e-05
130 0.0066089000001738896 0.00013179999996282277
260 0.02557569999999032 0.0005369999998947605
550 0.12581420000014987 0.006402099999831989
1050 0.4542624999999134 0.03083920000017315
2100 1.8261815000000752 0.22646759999997812
4100 6.991371199999776 1.6912339999998949
4500 8.445075299999644 2.113118200000372
