2 0.0007942000002003624 0.00018079999972542282
5 0.0007811999998921237 0.00018249999993713573
10 0.0009326000003966328 0.00017669999988356722
16 0.0011813999999503721 0.0001726000000417116
32 0.0020110999998905754 0.00017960000013772515
60 0.004013599999780126 0.0001975000000129512
130 0.012031300000217016 0.00020640000002458692
260 0.0371741000003567 0.0002165999999306223
550 0.16047089999983655 0.0004747000002680579
1050 0.5668451999999888 0.001019100000121398
2100 2.126911199999995 0.0033297999998467276
4100 8.014444100000219 0.010243899999750283
4500 9.707321800000045 0.01232220000019879
