2 8.919999982026638e-05 2.6300000172341242e-05
5 9.210000007442432e-05 1.609999981155852e-05
10 9.959999988495838e-05 1.3600000329461182e-05
16 0.00017389999993611127 1.250000013897079e-05
32 0.0004670999996960745 0.00016100000038932194
60 0.001622600000246166 8.919999982026638e-05
130 0.006614099999751488 0.00022949999993215897
260 0.02574640000011641 0.0005820999999741616
550 0.12664510000013252 0.0058819999999286665
1050 0.4656073999999535 0.04149160000042684
2100 1.8649787000003926 0.22180489999982456
4100 7.044600100000025 1.6852736000000732
4500 8.451544900000044 2.1161253000000215
