2 0.0007679000000280212 0.00019049999991693767
5 0.0009033999999701336 0.00018879999970522476
10 0.0009749999999257852 0.0001739999997880659
16 0.0012110999996366445 0.0001768000001902692
32 0.0024042000000008557 0.00018970000019180588
60 0.004061199999796372 0.00019879999990735087
130 0.011844999999993888 0.00020119999999224092
260 0.037223400000129914 0.00021130000004632166
550 0.15935330000002068 0.0004253000001881446
1050 0.5510392000001048 0.0011185999996996543
2100 2.1219476000001123 0.0033615000002100714
4100 8.026116800000182 0.010235199999897304
4500 9.721690000000308 0.016124499999932596
