2 8.750000006330083e-05 2.6400000024295878e-05
5 6.809999968027114e-05 1.8000000181928044e-05
10 0.00011079999967478216 1.4900000223860843e-05
16 0.00021120000019436702 1.560000009703799e-05
32 0.0004901000002064393 0.00022289999969871133
60 0.0016805999998723564 9.330000011686934e-05
130 0.006564199999957054 0.00012389999983497546
260 0.025574300000243966 0.0005409999998846615
550 0.12593879999985802 0.006454400000166061
1050 0.45295759999999063 0.030342099999870698
2100 1.8235716999997749 0.22210660000018834
4100 7.1014915999999175 1.6928423999997904
4500 8.441640800000187 2.09336600000006
