2 0.0009839999997893756 0.00018690000024434994
5 0.0008990999999696214 0.00018619999991642544
10 0.000999100000171893 0.0001743999996506318
16 0.0012341000001470093 0.00018460000001141452
32 0.0020875999998679617 0.0001870999999482592
60 0.004029300000183866 0.00019699999984368333
130 0.011797800000294956 0.00019870000005539623
260 0.03695870000001378 0.00020780000022568856
550 0.15921849999995175 0.00043020000020987936
1050 0.5468936000002032 0.0009442999999009771
2100 2.122314500000357 0.003393099999811966
4100 8.015800899999704 0.010461500000019441
4500 10.032117300000209 0.013733299999785231
