2 0.0010498999999981606 0.00018950000003314926
5 0.0009623999999348598 0.0001870999999482592
10 0.0009811999998419196 0.00018259999978909036
16 0.0012267999995856371 0.00018540000019129366
32 0.0022300999999060878 0.00019549999979062704
60 0.004044000000249071 0.00019759999986490584
130 0.01194759999998496 0.00020899999981338624
260 0.03764290000026449 0.00021639999977196567
550 0.15947400000004563 0.000428999999712687
1050 0.5622884000003978 0.0010015999996539904
2100 2.2296088000002783 0.0038354999996954575
4100 8.034803599999577 0.010184900000240305
4500 9.713243600000169 0.012349799999810784
