2 8.660000003146706e-05 2.5800000003073364e-05
5 7.479999976567342e-05 2.010000025620684e-05
10 0.00011589999985517352 1.699999984339229e-05
16 0.00018060000002151355 1.5900000107649248e-05
32 0.000607799999670533 0.00015060000032462995
60 0.0017197000001942797 9.279999994760146e-05
130 0.006576400000085414 0.00013690000014321413
260 0.026439899999786576 0.0011205000000700238
550 0.12660700000014913 0.006591299999854527
1050 0.4711309999997866 0.03214140000000043
2100 1.9146748000002844 0.25254910000012387
4100 7.077486199999839 1.6796877000001587
4500 8.540616200000386 2.0854252999997698
