2 0.0007560999997622275 0.00018750000026557245
5 0.0007754000002933026 0.00018419999969410128
10 0.0010315999998056213 0.00017800000023271423
16 0.0012415000001055887 0.0001905999997688923
32 0.0020699000001513923 0.0001868999997896026
60 0.004048700000112149 0.00020180000001346343
130 0.011802799999713898 0.00019700000029843068
260 0.03703330000007554 0.00021300000025803456
550 0.15894410000009884 0.0004399999997986015
1050 0.5519302999996398 0.0010183000003962661
2100 2.12061790000007 0.0035745999998653133
4100 8.00789580000037 0.01012429999991582
4500 9.808145199999672 0.01309430000037537
