2 8.350000007339986e-05 2.5300000288552837e-05
5 7.450000020980951e-05 1.5299999631679384e-05
10 9.950000003300374e-05 1.3700000181415817e-05
16 0.0003969999997934792 1.5000000075815478e-05
32 0.0007139000003917317 3.189999961250578e-05
60 0.0017115000000558211 9.910000017043785e-05
130 0.006565399999999499 0.0001861000000644708
260 0.02530609999985245 0.0005461000000650529
550 0.12593349999997372 0.007116000000223721
1050 0.45727579999993395 0.030521600000156468
2100 1.8311576999999488 0.22298670000009224
4100 6.993089900000086 1.6873906999999235
4500 8.458919700000024 2.091218299999582
