2 0.0008074000002125103 0.0001812999998946907
5 0.0007833999998183572 0.00018460000001141452
10 0.0009563999997226347 0.00017870000010589138
16 0.0011942000000999542 0.00017960000013772515
32 0.0020509999999376305 0.00019350000002305023
60 0.004033500000332424 0.00019799999972747173
130 0.011837500000183354 0.00020249999988664058
260 0.037039199999981065 0.00021159999960218556
550 0.15916370000013558 0.0004343999999036896
1050 0.5497199999999793 0.0010474999999132706
2100 2.127054500000213 0.0033343000000058964
4100 8.386514199999965 0.010246700000152487
4500 9.664478199999849 0.012323400000241236
