1 0.006760700000086217 16
2 0.00016449999975520768 64
3 0.00017769999976735562 144
4 4.820000003746827e-05 256
5 0.0001283999999941443 400
6 4.55999997939216e-05 576
7 4.660000013245735e-05 784
9 0.00012400000014167745 1296
11 0.00012789999982487643 1936
13 0.00011790000007749768 2704
16 0.00017560000014782418 4096
20 0.00014630000032411772 6400
24 0.00017010000010486692 9216
29 0.00022269999999480206 13456
35 0.0003181000001859502 19600
42 0.00025340000001961016 28224
51 0.00035039999966102187 41616
62 0.0003676000001178181 61504
75 0.00035859999979948043 90000
100 0.00046010000005480833 160000
190 0.000762000000122498 577600
200 0.0012361000003693334 640000
240 0.001139599999987695 921600
330 0.0028594000000339292 1742400
360 0.0024358000000574975 2073600
400 0.00410650000003443 2560000
490 0.005891600000268227 3841600
500 0.00591679999979533 4000000
540 0.011163699999997334 4665600
596 0.015368900000339636 5683456
719 0.019233099999837577 8271376
868 0.030534499999703257 12054784
900 0.03396909999992204 12960000
1048 0.06373979999989388 17572864
1264 0.08281799999986106 25563136
1526 0.14909320000015214 37258816
1842 0.23157820000005813 54287424
2222 0.3992471999999907 78996544
2500 0.5413735000001907 100000000
4000 1.9643421000000671 256000000
