1 0.00015300000040952 16
2 0.0005708000003323832 64
3 0.00025269999969168566 144
4 0.0002251000000796921 256
5 0.00014590000000680448 400
6 0.00013110000008964562 576
7 0.00026729999990493525 784
9 0.0001443999999537482 1296
11 0.00013790000002700253 1936
13 0.00013630000012199162 2704
16 0.00016310000000885339 4096
20 0.00014559999999619322 6400
24 0.0001505999998698826 9216
29 0.00024230000008174102 13456
35 0.000371999999970285 19600
42 0.00034270000014657853 28224
51 0.0003372000001036213 41616
62 0.00028019999990647193 61504
75 0.000288899999759451 90000
100 0.0003916999999091786 160000
190 0.0011398999999983062 577600
200 0.0011085999999522755 640000
240 0.0015010000001893786 921600
330 0.0030626000002484943 1742400
360 0.003689800000302057 2073600
400 0.004989499999737745 2560000
490 0.008927899999889632 3841600
500 0.009122200000092562 4000000
540 0.011500200000227778 4665600
596 0.015880200000083278 5683456
719 0.02702769999996235 8271376
868 0.05291080000006332 12054784
900 0.04572280000002138 12960000
1048 0.053498600000239094 17572864
1264 0.10038119999990158 25563136
1526 0.15363830000023881 37258816
1842 0.2818955000002461 54287424
2222 0.5215745000000425 78996544
2500 0.5384243000003153 100000000
4000 2.0606768999996348 256000000
