1 0.007697000000007392 16
2 0.0002710999997361796 64
3 0.0001357000001007691 144
4 0.00011589999985517352 256
5 4.309999985707691e-05 400
6 0.00012280000009923242 576
7 0.00012329999981375295 784
9 0.00012539999988803174 1296
11 0.00012599999990925426 1936
13 4.979999994247919e-05 2704
16 0.00014449999980570283 4096
20 0.00012620000006791088 6400
24 0.00015310000026147463 9216
29 0.00021829999968758784 13456
35 0.0002681000000848144 19600
42 0.00031840000019656145 28224
51 0.000335700000050565 41616
62 0.00033759999996618717 61504
75 0.0003461999999672116 90000
100 0.0003913000000466127 160000
190 0.0007692000003771682 577600
200 0.0007819000002200482 640000
240 0.0011534000000210654 921600
330 0.0024012999997466977 1742400
360 0.002394299999650684 2073600
400 0.003640200000063487 2560000
490 0.006069000000024971 3841600
500 0.00850750000017797 4000000
540 0.007920000000012806 4665600
596 0.011256400000092981 5683456
719 0.026647400000001653 8271376
868 0.03047790000027817 12054784
900 0.03363999999965017 12960000
1048 0.06551790000003166 17572864
1264 0.08351530000027196 25563136
1526 0.1495906999998624 37258816
1842 0.2326109999999062 54287424
2222 0.3981732000002012 78996544
2500 0.5572806999998647 100000000
4000 1.9495810999997047 256000000
