1 0.005590799999481533 16
2 0.00017470000057073776 64
3 4.5500000851461664e-05 144
4 0.00012710000009974465 256
5 0.00012629999946511816 400
6 4.4800000978284515e-05 576
7 0.0001260999997612089 784
9 0.00012550000064948108 1296
11 4.73000000056345e-05 1936
13 0.0001188000005640788 2704
16 0.00014089999967836775 4096
20 0.000139899999339832 6400
24 0.00021639999977196567 9216
29 0.00020910000057483558 13456
35 0.0002511000002414221 19600
42 0.0003133000009256648 28224
51 0.0003675999996630708 41616
62 0.0003586000002542278 61504
75 0.00040660000013303943 90000
100 0.0004228999987390125 160000
190 0.0008051999993767822 577600
200 0.0010514000005059643 640000
240 0.0011264000004302943 921600
330 0.0035226999989390606 1742400
360 0.0038676999993185746 2073600
400 0.004033600000184379 2560000
490 0.006154700000479352 3841600
500 0.006873500000438071 4000000
540 0.007841000000553322 4665600
596 0.011870799999087467 5683456
719 0.0199704999995447 8271376
868 0.03668649999963236 12054784
900 0.04391170000053535 12960000
1048 0.05754030000025523 17572864
1264 0.09902320000037435 25563136
1526 0.15533380000124453 37258816
1842 0.24289240000143764 54287424
2222 0.4021914000004472 78996544
2500 0.5820487000000867 100000000
4000 2.0454797000002145 256000000
