1 0.0056239999994431855 16
2 0.00028300000121816993 64
3 0.00013659999967785552 144
4 9.00999984878581e-05 256
5 9.680000039224979e-05 400
6 0.00011780000022554304 576
7 0.00011159999849041924 784
9 0.0001112000009015901 1296
11 0.00012619999870366883 1936
13 4.580000131682027e-05 2704
16 0.0002509000005375128 4096
20 0.00016399999913119245 6400
24 0.00021359999846026767 9216
29 0.00014769999870622996 13456
35 0.0002703000009205425 19600
42 0.0003203000014764257 28224
51 0.0003347000001667766 41616
62 0.00028329999986453913 61504
75 0.0003484999997453997 90000
100 0.00041170000076817814 160000
190 0.0007750999993731966 577600
200 0.0007623999990755692 640000
240 0.0011803999987023417 921600
330 0.002996000001076027 1742400
360 0.003608400000302936 2073600
400 0.003932600000553066 2560000
490 0.0060737999992852565 3841600
500 0.005825199999890174 4000000
540 0.007878300000811578 4665600
596 0.011704300000928924 5683456
719 0.020986999999877298 8271376
868 0.031773599999723956 12054784
900 0.03547140000046056 12960000
1048 0.05524619999960123 17572864
1264 0.09907690000000002 25563136
1526 0.1506638999999268 37258816
1842 0.24863460000051418 54287424
2222 0.420013500001005 78996544
2500 0.5393218000008346 100000000
4000 2.011525800000527 256000000
