1 0.005577800000537536 16
2 0.0002507999997760635 64
3 0.00012620000052265823 144
4 0.00011360000098648015 256
5 0.00011350000022503082 400
6 0.00010889999975915998 576
7 0.00011500000073283445 784
9 0.00010750000001280569 1296
11 0.00011029999950551428 1936
13 0.00010619999920891132 2704
16 0.00013279999984661117 4096
20 0.0001264000002265675 6400
24 0.0001976000003196532 9216
29 0.00014870000086375512 13456
35 0.000278499999694759 19600
42 0.0002920000006270129 28224
51 0.0002445999998599291 41616
62 0.00022419999913836364 61504
75 0.00031370000033348333 90000
100 0.0004000999997515464 160000
190 0.001053699999829405 577600
200 0.001043000000208849 640000
240 0.0018115999992005527 921600
330 0.0032898999997996725 1742400
360 0.004131200001211255 2073600
400 0.005335100000593229 2560000
490 0.008297500000480795 3841600
500 0.008644200001072022 4000000
540 0.01126740000108839 4665600
596 0.0159204999999929 5683456
719 0.02653479999935371 8271376
868 0.043356199999834644 12054784
900 0.045339800000874675 12960000
1048 0.06640470000093046 17572864
1264 0.10258999999859952 25563136
1526 0.17014750000089407 37258816
1842 0.37620219999917026 54287424
2222 0.4589090000008582 78996544
2500 0.6248620000005758 100000000
4000 1.9732260000000679 256000000
