1 0.005591999999523978 16
2 0.00024560000019846484 64
3 0.00013639999997394625 144
4 0.00012210000022605527 256
5 0.00012280000009923242 400
6 0.00015700000039942097 576
7 0.00014310000005934853 784
9 0.00012129999959142879 1296
11 4.780000017490238e-05 1936
13 5.1900000471505336e-05 2704
16 0.00015829999938432593 4096
20 0.0001430000011168886 6400
24 0.00021410000044852495 9216
29 0.00020959999892511405 13456
35 0.0003102999999100575 19600
42 0.0003144000002066605 28224
51 0.0003333000004204223 41616
62 0.0002906000008806586 61504
75 0.00040080000144371297 90000
100 0.00042180000127700623 160000
190 0.0007814000000507804 577600
200 0.000789099998655729 640000
240 0.0015585000001010485 921600
330 0.002639199999975972 1742400
360 0.002927800000179559 2073600
400 0.005331000000296626 2560000
490 0.005825999998705811 3841600
500 0.005811299999550101 4000000
540 0.0078056000002106884 4665600
596 0.01131840000016382 5683456
719 0.020690000001195585 8271376
868 0.031030800000735326 12054784
900 0.03530940000018745 12960000
1048 0.05123519999870041 17572864
1264 0.08390970000073139 25563136
1526 0.1542592000005243 37258816
1842 0.26612159999967844 54287424
2222 0.5183153999987553 78996544
2500 0.6919526999990921 100000000
4000 2.266706399999748 256000000
