1 0.00014700000065204222 16
2 7.29000003047986e-05 64
3 5.0699998610070907e-05 144
4 4.2100000428035855e-05 256
5 4.2800000301213004e-05 400
6 4.140000055485871e-05 576
7 0.0005930999996053288 784
9 0.00012760000026901253 1296
11 0.00012559999959194101 1936
13 0.0001274999995075632 2704
16 0.00017499999921710696 4096
20 0.00014759999976377003 6400
24 0.0002334000000701053 9216
29 0.000954999999521533 13456
35 0.00024960000155260786 19600
42 0.0003324999997857958 28224
51 0.00020490000133577269 41616
62 0.0002997999999934109 61504
75 0.0003889999989041826 90000
100 0.0005218000005697832 160000
190 0.0013579000005847774 577600
200 0.0013257000009616604 640000
240 0.002117900001394446 921600
330 0.0032929000008152798 1742400
360 0.00315500000033353 2073600
400 0.0035526000010577263 2560000
490 0.006176600001708721 3841600
500 0.005860600000232807 4000000
540 0.009846500001003733 4665600
596 0.011738999999579391 5683456
719 0.01932180000039807 8271376
868 0.030905499999789754 12054784
900 0.03361460000087391 12960000
1048 0.05168650000086927 17572864
1264 0.10012219999953231 25563136
1526 0.16016800000033982 37258816
1842 0.2399522000014258 54287424
2222 0.4198519000001397 78996544
2500 0.5356530000008206 100000000
4000 1.9769829999986541 256000000
