1 0.005566399999224814 16
2 5.400000009103678e-05 64
3 0.00021349999951780774 144
4 0.0001312000003963476 256
5 0.0001312000003963476 400
6 0.00015889999849605374 576
7 0.00012859999878855888 784
9 4.909999915980734e-05 1296
11 0.00013499999840860255 1936
13 0.00013320000107341912 2704
16 0.00015019999955256935 4096
20 0.00014589999955205712 6400
24 0.00021379999998316634 9216
29 0.00013320000107341912 13456
35 0.00024839999969117343 19600
42 0.00033690000054775737 28224
51 0.0003324999997857958 41616
62 0.00034580000101414043 61504
75 0.0003818000004685018 90000
100 0.00035770000067714136 160000
190 0.0007867000003898283 577600
200 0.0007764999991195509 640000
240 0.0011049999993701931 921600
330 0.0032138999995368067 1742400
360 0.0029157999997551087 2073600
400 0.006666599998425227 2560000
490 0.008154900000590715 3841600
500 0.005936100000326405 4000000
540 0.007768299999952433 4665600
596 0.011232999999265303 5683456
719 0.01944539999931294 8271376
868 0.03051680000135093 12054784
900 0.03452049999941664 12960000
1048 0.050897099999929196 17572864
1264 0.09878150000076857 25563136
1526 0.14681770000061078 37258816
1842 0.23618619999979273 54287424
2222 0.4093860000011773 78996544
2500 0.5611582000001363 100000000
4000 1.989083500000561 256000000
