1 0.0055958000011742115 16
2 0.0001615999990463024 64
3 0.00017950000074051786 144
4 0.00014240000018617138 256
5 0.00015299999904527795 400
6 0.00014729999929841142 576
7 0.00012710000009974465 784
9 0.00012649999916902743 1296
11 4.86999997519888e-05 1936
13 0.0001277999999729218 2704
16 0.00014820000069448724 4096
20 0.00013920000128564425 6400
24 0.0002133999987563584 9216
29 0.00015039999925647862 13456
35 0.0003349999988131458 19600
42 0.0003202999996574363 28224
51 0.00032640000063111074 41616
62 0.0002916999983426649 61504
75 0.00029630000062752515 90000
100 0.00041760000021895394 160000
190 0.0013469999994413229 577600
200 0.0007923000011942349 640000
240 0.0011243999997532228 921600
330 0.0024486999991495395 1742400
360 0.0029651999993802747 2073600
400 0.003920700000890065 2560000
490 0.005807900000945665 3841600
500 0.005846599999131286 4000000
540 0.007789499999489635 4665600
596 0.011495400000057998 5683456
719 0.01951050000025134 8271376
868 0.031493000000409666 12054784
900 0.034831799999665236 12960000
1048 0.0527633000001515 17572864
1264 0.08515820000138774 25563136
1526 0.1482587999998941 37258816
1842 0.30761290000009467 54287424
2222 0.45941579999998794 78996544
2500 0.588083500000721 100000000
4000 2.173385000000053 256000000
