1 0.005600399999821093 16
2 0.0002294000005349517 64
3 5.549999877985101e-05 144
4 0.00012819999938074034 256
5 0.00012860000060754828 400
6 0.00015630000052624382 576
7 5.2999999752501026e-05 784
9 0.00013070000022707973 1296
11 0.00012649999916902743 1936
13 0.00011850000009872019 2704
16 7.74000000092201e-05 4096
20 0.00012960000094608404 6400
24 0.0002148000003217021 9216
29 0.00022060000083001796 13456
35 0.0002764999990176875 19600
42 0.0002719000003708061 28224
51 0.0002717000006668968 41616
62 0.00029089999952702783 61504
75 0.0003490999988571275 90000
100 0.0003828999997494975 160000
190 0.0007999999997991836 577600
200 0.0007571000005555106 640000
240 0.0010916999999608379 921600
330 0.003381900000022142 1742400
360 0.002892600001359824 2073600
400 0.004270600000381819 2560000
490 0.0067139999991923105 3841600
500 0.007036999999399995 4000000
540 0.007828300000255695 4665600
596 0.012233600000399747 5683456
719 0.020748899998579873 8271376
868 0.03297339999880933 12054784
900 0.036556400000336 12960000
1048 0.059079999999084976 17572864
1264 0.17778329999964626 25563136
1526 0.17403360000025714 37258816
1842 0.24506389999987732 54287424
2222 0.4011564000011276 78996544
2500 0.7350863000010577 100000000
4000 2.4846572000005835 256000000
