1 0.005587299999888273 16
2 0.00018199999999524152 64
3 0.000133499999947162 144
4 0.00012450000008357165 256
5 0.00012960000003658934 400
6 4.5099999852027395e-05 576
7 0.00012189999984002498 784
9 0.00015740000003461319 1296
11 0.00015729999995528487 1936
13 0.0001281999998354877 2704
16 0.0001485999998749321 4096
20 0.00014510000005429902 6400
24 0.00019720000000233995 9216
29 0.00021519999995689432 13456
35 0.0002620000000206346 19600
42 0.00033490000009805954 28224
51 0.00027709999994840473 41616
62 0.0003555000000687869 61504
75 0.0003260000000864238 90000
100 0.00046229999998104176 160000
190 0.0008873000001585751 577600
200 0.0011575999999422493 640000
240 0.0011228000000755856 921600
330 0.0033009000001129607 1742400
360 0.0028739000001678505 2073600
400 0.0044032000000697735 2560000
490 0.0062838000001192995 3841600
500 0.007242300000143587 4000000
540 0.008429799999930765 4665600
596 0.011697599999934027 5683456
719 0.021454799999901297 8271376
868 0.03251860000000306 12054784
900 0.03518230000008771 12960000
1048 0.05771649999996953 17572864
1264 0.10639310000010482 25563136
1526 0.14275309999993624 37258816
1842 0.2429403999999522 54287424
2222 0.3970764999999119 78996544
2500 0.5353145999999924 100000000
4000 1.9459997000001295 256000000
