1 0.005583999999998923 16
2 0.00015430000007654598 64
3 0.00012290000017856073 144
4 0.00013429999989966745 256
5 0.00011599999993450183 400
6 0.00011870000003000314 576
7 0.00011300000005576294 784
9 0.00012000000015177648 1296
11 0.00012000000015177648 1936
13 0.00011830000016743725 2704
16 0.00017180000008920615 4096
20 0.00021229999993011006 6400
24 0.0001427999998213636 9216
29 0.0001554000000396627 13456
35 0.00036150000005363836 19600
42 0.00029549999999289867 28224
51 0.0004124999998111889 41616
62 0.00029190000009293726 61504
75 0.00038640000002487795 90000
100 0.00039409999999406864 160000
190 0.0008606999999756226 577600
200 0.0008765999998558982 640000
240 0.0013019999998959975 921600
330 0.0026012999999238673 1742400
360 0.0028551999998853717 2073600
400 0.0038277999999536405 2560000
490 0.007109300000138319 3841600
500 0.007190399999899455 4000000
540 0.008243699999866294 4665600
596 0.012024500000052285 5683456
719 0.02007939999998598 8271376
868 0.0883870999998635 12054784
900 0.04588869999997769 12960000
1048 0.07050770000000739 17572864
1264 0.11056759999996757 25563136
1526 0.22347420000005513 37258816
1842 0.3148673000000599 54287424
2222 0.42617410000002565 78996544
2500 0.5805902999998125 100000000
4000 2.42698960000007 256000000
