1 0.005569200000081764 16
2 0.0002523999999084481 64
3 9.559999989505741e-05 144
4 0.00010729999985414906 256
5 0.00013749999993706297 400
6 0.00013660000013260287 576
7 0.00014559999999619322 784
9 0.00012289999995118706 1296
11 0.00013920000014877587 1936
13 0.0001531999998860556 2704
16 0.0001580000000558357 4096
20 0.00013619999981528963 6400
24 0.00020960000006198243 9216
29 0.0001667999999881431 13456
35 0.00021030000016253325 19600
42 0.0003128000000742759 28224
51 0.000325299999985873 41616
62 0.00033319999988634663 61504
75 0.000333100000034392 90000
100 0.00047410000001946173 160000
190 0.0011958000000049651 577600
200 0.0012361999999939144 640000
240 0.0015484999998989224 921600
330 0.0033303000000159955 1742400
360 0.003769899999952031 2073600
400 0.016012499999987995 2560000
490 0.016010499999993044 3841600
500 0.009066900000107125 4000000
540 0.011790199999950346 4665600
596 0.01479309999990619 5683456
719 0.02865950000000339 8271376
868 0.040833599999814396 12054784
900 0.050110399999994115 12960000
1048 0.078664199999821 17572864
1264 0.10973300000000563 25563136
1526 0.1877970999998979 37258816
1842 0.2931456999999682 54287424
2222 0.5995250999999371 78996544
2500 0.9296813999999358 100000000
4000 2.3411731000001055 256000000
