1 0.005658300000050076 16
2 0.000261799999861978 64
3 0.00012219999985063623 144
4 4.379999995762773e-05 256
5 0.00011410000001887965 400
6 0.00011160000008203497 576
7 0.00011010000002897868 784
9 0.00010980000001836743 1296
11 0.00011180000001331791 1936
13 0.00010809999980665452 2704
16 0.00014250000003812602 4096
20 0.00012199999991935329 6400
24 0.00019449999990683864 9216
29 0.00019309999993311067 13456
35 0.0004318999999668449 19600
42 0.0002988000001096225 28224
51 0.00022280000007413037 41616
62 0.00024759999996604165 61504
75 0.00026690000004236936 90000
100 0.0004707000000507833 160000
190 0.0011012999998456507 577600
200 0.0011546000000635104 640000
240 0.001554100000021208 921600
330 0.0036436000000321656 1742400
360 0.0033931000000393396 2073600
400 0.003724299999930736 2560000
490 0.006620800000064264 3841600
500 0.006670700000086072 4000000
540 0.007865600000059203 4665600
596 0.011469499999975596 5683456
719 0.05135539999992034 8271376
868 0.03875590000006923 12054784
900 0.04936909999992167 12960000
1048 0.06013050000001385 17572864
1264 0.08680709999998726 25563136
1526 0.19590180000000146 37258816
1842 0.41265450000014425 54287424
2222 0.4116660000001957 78996544
2500 0.5615770999997949 100000000
4000 2.313248700000031 256000000
