1 0.010818200000358047 16
2 5.4799999816168565e-05 64
3 2.9200000426499173e-05 144
4 3.149999974993989e-05 256
5 2.8299999939918052e-05 400
6 2.8399999791872688e-05 576
7 2.8899999961140566e-05 784
9 4.059999992023222e-05 1296
11 2.9399999220913742e-05 1936
13 3.2300000384566374e-05 2704
16 2.9400000130408444e-05 4096
20 6.720000055793207e-05 6400
24 0.00011819999963336159 9216
29 0.00010599999950500205 13456
35 0.00011029999950551428 19600
42 9.719999980006833e-05 28224
51 0.00012850000075559365 41616
62 0.0002248999999210355 61504
75 0.0002964000004794798 90000
100 0.0003673999999591615 160000
190 0.001164999999673455 577600
200 0.0008110999997370527 640000
240 0.0015253000001393957 921600
330 0.004061100000399165 1742400
360 0.004752900000312366 2073600
400 0.004572199999529403 2560000
490 0.00943009999991773 3841600
500 0.00772659999984171 4000000
540 0.013848200000211364 4665600
596 0.018844199999875855 5683456
719 0.02691199999935634 8271376
868 0.04366600000048493 12054784
900 0.04764599999998609 12960000
1048 0.08204219999970519 17572864
1264 0.1188731000002008 25563136
1526 0.1993985999997676 37258816
1842 0.32745149999936984 54287424
2222 0.543385799999669 78996544
2500 0.7520935000002282 100000000
4000 2.880799399999887 256000000
