1 7.719999939581612e-05 16
2 2.8899999961140566e-05 64
3 2.229999972769292e-05 144
4 2.2700000045006163e-05 256
5 3.370000013092067e-05 400
6 2.1400000150606502e-05 576
7 3.130000004603062e-05 784
9 8.900000011635711e-05 1296
11 4.9000000217347406e-05 1936
13 4.399999943416333e-05 2704
16 3.97000003431458e-05 4096
20 7.650000043213367e-05 6400
24 0.0005332000000635162 9216
29 0.00024310000026162015 13456
35 0.0001063999998223153 19600
42 0.00010490000022400636 28224
51 0.00016979999963950831 41616
62 0.00023440000040864106 61504
75 0.0003446000000622007 90000
100 0.0003529999994498212 160000
190 0.0011915999994016602 577600
200 0.000835699999697681 640000
240 0.0019407999998293235 921600
330 0.002906499999880907 1742400
360 0.0037781000000904896 2073600
400 0.004550499999822932 2560000
490 0.010458599999765283 3841600
500 0.007811600000422914 4000000
540 0.011583500000597269 4665600
596 0.03745539999999892 5683456
719 0.040880699999434 8271376
868 0.05964179999955377 12054784
900 0.07057050000003073 12960000
1048 0.07197550000000774 17572864
1264 0.13167090000024473 25563136
1526 0.25942680000025575 37258816
1842 0.4865012000000206 54287424
2222 0.5903539999999339 78996544
2500 0.7410623999994641 100000000
4000 2.809146900000087 256000000
