1 0.01079680000020744 16
2 5.5499999689345714e-05 64
3 3.0100000003585592e-05 144
4 3.149999974993989e-05 256
5 2.8599999495781958e-05 400
6 2.8700000257231295e-05 576
7 2.9000000722589903e-05 784
9 6.070000017643906e-05 1296
11 3.1599999601894524e-05 1936
13 5.1799999710056e-05 2704
16 3.7999999221938197e-05 4096
20 7.060000007186318e-05 6400
24 0.00013690000014321413 9216
29 0.00010849999944184674 13456
35 0.00011489999997138511 19600
42 0.0001005000003715395 28224
51 0.0001328999996985658 41616
62 0.00025720000030560186 61504
75 0.00029400000039458973 90000
100 0.0004154999996899278 160000
190 0.001040899999679823 577600
200 0.001095500000701577 640000
240 0.0015154000002439716 921600
330 0.002884300000005169 1742400
360 0.003281999999671825 2073600
400 0.004767100000208302 2560000
490 0.00726940000004106 3841600
500 0.007635099999788508 4000000
540 0.010714099999859172 4665600
596 0.016121900000143796 5683456
719 0.02729859999999462 8271376
868 0.042871699999523116 12054784
900 0.0481722999993508 12960000
1048 0.07704439999997703 17572864
1264 0.1169687999999951 25563136
1526 0.20328259999951115 37258816
1842 0.32164669999929174 54287424
2222 0.5540216999997938 78996544
2500 0.7320471000002726 100000000
4000 2.81250319999981 256000000
