1 0.006670969999998988
2 0.00011283999999704975
3 8.795000000532127e-05
4 8.438999998361396e-05
5 0.0001831399999957739
6 9.705999998459447e-05
7 0.00010503999999968982
9 8.889999999155407e-05
11 0.00015037999998526174
13 9.581999998431456e-05
16 0.00010904000000095948
20 0.00011839000000009036
24 0.00012038999998367216
29 0.00017055000000709697
35 0.00026489000000537997
42 0.0003155999999989945
51 0.00038154000000645283
62 0.0003987099999960719
75 0.000441849999998567
100 0.0019957199999964814
190 0.0011298899999928834
200 0.0012963400000046478
240 0.0014060799999924712
330 0.002696159999987913
360 0.0032866900000044553
400 0.00422896000000037
490 0.005980309999989686
500 0.0064924300000029685
540 0.009079129999986436
596 0.01469085999999038
719 0.022939249999996036
868 0.03470985999998675
900 0.03889092999999662
1048 0.05577030000000036
1264 0.08716784000000075
1526 0.13498199000000569
1842 0.21190536999999382
2222 0.3109030099999984
2500 0.40648899000000255
4000 1.3380716399999926
