1 0.008870520000004944
2 0.000281280000004358
3 0.00022400000000004637
4 0.00021814000000119904
5 0.00021236000000044442
6 0.00027320000000088387
7 0.00023040000000094097
9 0.00022298000000091632
11 0.0002501499999993939
13 0.00017469000000005507
16 0.00019335999999725573
20 0.00018567000000189183
24 0.0001887600000003431
29 0.00021482000000503377
35 0.00022396999999898525
42 0.0002449700000028088
51 0.0002419000000088545
62 0.0002655300000014904
75 0.00028137000000469923
100 0.00035474000000306204
190 0.0035128899999989473
200 0.002819569999996929
240 0.0009219899999976632
330 0.0022085200000020676
360 0.0027067000000016604
400 0.0031413599999979168
490 0.005373539999999366
500 0.005817440000001284
540 0.00729400999999541
596 0.01268442000000789
719 0.02178452000000277
868 0.030171430000001463
900 0.03376725999999621
1048 0.05050627999999335
1264 0.07902167999999961
1526 0.12755302999999857
1842 0.1864141399999994
2222 0.2991835100000003
2500 0.4026542200000023
4000 1.2460571399999936
