1 0.0003723699999966357
2 0.0003094800000098985
3 0.0002504000000044471
4 0.00024744000000396225
5 0.00023997000000690604
6 0.00023626000000263048
7 0.0002332600000158891
9 0.00023839999998926943
11 0.00023573999999371154
13 0.00018279999999890607
16 0.0001839299999915056
20 0.00019563000000175635
24 0.0001756300000010924
29 0.0002025099999912072
35 0.00020997999999963212
42 0.0002157599999975446
51 0.0002449599999977181
62 0.00025714999999877365
75 0.0003056300000025658
100 0.00037554999999542813
190 0.0007229999999879055
200 0.0007161499999995158
240 0.0009976900000083333
330 0.0017521199999976033
360 0.0022275700000079723
400 0.003126980000001822
490 0.004913900000002513
500 0.005155880000006619
540 0.007400540000014643
596 0.011298369999997249
719 0.01852434999998991
868 0.031800060000000484
900 0.031696310000012315
1048 0.051292599999999314
1264 0.08771239999999239
1526 0.1428558199999884
1842 0.19734439999999723
2222 0.29399044999999546
2500 0.39749594000000454
4000 1.2390742199999978
