1 0.000426130000005287
2 0.00027547999998773777
3 0.0002457300000060059
4 0.00023754000000053566
5 0.00022182999998108244
6 0.00023719000000710366
7 0.00024257000000602603
9 0.00024395000000936306
11 0.000255400000003192
13 0.0001813100000049417
16 0.00023774000000571506
20 0.0001846900000032292
24 0.0001936599999851296
29 0.00022127000000864426
35 0.00021403999999165536
42 0.00023888999999712723
51 0.00025506000001200845
62 0.00028283000000328684
75 0.0003004200000077617
100 0.00036939999999958674
190 0.0007839499999988675
200 0.0007924500000058288
240 0.001067390000002888
330 0.001746329999991758
360 0.001859000000007427
400 0.002991829999996298
490 0.00551904999999806
500 0.0051124300000083165
540 0.007413769999988063
596 0.016973739999991723
719 0.021546089999992545
868 0.03618650999999318
900 0.03287060999999767
1048 0.050959100000000035
1264 0.07951935999999478
1526 0.11835825999999657
1842 0.19183738000000972
2222 0.30234872000000335
2500 0.3917140199999835
4000 1.2596610399999917
