1 0.00040375999998900627
2 0.000270530000011604
3 0.0002406499999949574
4 0.0002400500000021566
5 0.0002148700000077497
6 0.00021639999999933934
7 0.00022857000000158222
9 0.00022641999999564177
11 0.00022463999999899897
13 0.00020223000000214598
16 0.00022755000000529435
20 0.0002060500000027332
24 0.00020122000000810658
29 0.00022494999998912135
35 0.00022991999999817382
42 0.0002841200000034405
51 0.0002383800000075098
62 0.000264650000013944
75 0.00029396000000474486
100 0.0003704599999991842
190 0.0007020900000043184
200 0.0006973999999956959
240 0.0008968199999969783
330 0.0015582100000074207
360 0.00172647000000552
400 0.0030801100000019234
490 0.004844350000001896
500 0.005035280000009834
540 0.007291880000002493
596 0.011510260000005702
719 0.018288999999987253
868 0.02790069000000699
900 0.032503369999994904
1048 0.0489794599999982
1264 0.07789528999999788
1526 0.11609907000000134
1842 0.18526495000000978
2222 0.2941090499999973
2500 0.38515138000000776
4000 1.2812004599999967
