1 0.025790209999993863
2 0.0026110099999954173
3 4.259000000388369e-05
4 4.196999999805939e-05
5 4.4359999992593655e-05
6 4.102999999986423e-05
7 4.339999999842803e-05
9 0.019443340000003674
11 5.4970000005027944e-05
13 5.5659999998169954e-05
16 5.242000000009739e-05
20 0.0001239799999979141
24 0.0002214800000018613
29 0.00016523000000177036
35 0.00014419000000316374
42 0.00015372000000297704
51 0.0002636999999992895
62 0.0003000200000002451
75 0.0005374299999942878
100 0.0005114600000069913
190 0.001386289999999235
200 0.001123900000001754
240 0.0017160800000027621
330 0.0037833600000027447
360 0.004491309999997384
400 0.006006830000006858
490 0.00914908999999966
500 0.009682470000004172
540 0.012688139999994519
596 0.018949350000005437
719 0.03112480999999434
868 0.05018862000000013
900 0.0584433200000035
1048 0.08122691000000089
1264 0.13754557999999975
1526 0.22416477000000157
1842 0.3463046999999989
2222 0.5828293000000002
2500 0.767580730000003
4000 2.7702586300000065
