1 0.007560369999998784
2 0.0001697800000016514
3 0.00014405999999951292
4 0.00015472000000045228
5 0.00016131999999799974
6 0.00022467999999662425
7 0.0001587000000029093
9 0.00015770000000543406
11 0.0001608800000070687
13 0.00017266999999776544
16 0.0001658399999996618
20 0.00017255000000204745
24 0.0001984999999962156
29 0.00022443000000293978
35 0.0002750500000018974
42 0.00028710999999361777
51 0.00023840000000632244
62 0.00023241999999754626
75 0.00027499999999918144
100 0.00030722999999568403
190 0.007583149999996408
200 0.0010833499999989727
240 0.000649440000006507
330 0.0013767500000028577
360 0.001320850000004725
400 0.002413450000003081
490 0.0038061699999985877
500 0.0039388699999989285
540 0.006007670000002463
596 0.009564960000002998
719 0.01703663000000404
868 0.026976500000006353
900 0.024891080000000444
1048 0.04114310999999589
1264 0.06081379999999399
1526 0.09185589000000505
1842 0.1423406899999975
2222 0.22133186000000366
2500 0.28893768999999736
4000 0.9026496000000037
