1 0.0040612000002511195 8
2 0.0002471000002515211 32
3 0.00013869999975213432 72
4 5.0600000122358324e-05 128
5 0.0001295000001846347 200
6 4.86999997519888e-05 288
7 0.00013559999979406712 392
9 0.00012759999981426517 648
11 0.00011760000006688642 968
13 0.00012590000005729962 1352
16 0.00014389999978448031 2048
20 0.00014529999998558196 3200
24 0.0001513000001978071 4608
29 0.00014509999982692534 6728
35 0.0002789999998640269 9800
42 0.0002580999998826883 14112
51 0.0003422999998292653 20808
62 0.0002901000002566434 30752
75 0.00038480000011986704 45000
100 0.0003820000001724111 80000
190 0.0007594000003336987 288800
200 0.0006388000001606997 320000
240 0.001175899999907415 460800
330 0.00207349999982398 871200
360 0.0022568999997929495 1036800
400 0.00197969999999259 1280000
490 0.004971100000147999 1920800
500 0.005536799999845243 2000000
540 0.005136199999924429 2332800
596 0.00619330000017726 2841728
719 0.010027399999671616 4135688
868 0.01973390000011932 6027392
900 0.02138539999987188 6480000
1048 0.03137799999967683 8786432
1264 0.051480999999967025 12781568
1526 0.08440870000003997 18629408
1842 0.13689309999972465 27143712
2222 0.22809079999979076 39498272
2500 0.3522886999999173 50000000
4000 1.133838900000228 128000000
