1 0.004107499999918218 8
2 0.00026099999968209886 32
3 6.110000003900495e-05 72
4 0.00014480000027106144 128
5 5.310000005920301e-05 200
6 0.00013529999978345586 288
7 0.00013540000009015785 392
9 5.1900000016757986e-05 648
11 0.00013559999979406712 968
13 5.2099999720667256e-05 1352
16 7.670000013604295e-05 2048
20 0.00015260000009220676 3200
24 0.00015270000039890874 4608
29 0.0002171999999518448 6728
35 0.00026760000037029386 9800
42 0.0002519999998185085 14112
51 0.00027369999997972627 20808
62 0.0003483000000414904 30752
75 0.0004260999999132764 45000
100 0.00038640000002487795 80000
190 0.0007390000000668806 288800
200 0.0007425999997394683 320000
240 0.0011015000000043074 460800
330 0.0020744999997077684 871200
360 0.0019253999998909421 1036800
400 0.002806800000143994 1280000
490 0.003893199999765784 1920800
500 0.005250000000160071 2000000
540 0.007014000000253873 2332800
596 0.006775999999717897 2841728
719 0.010220399999980145 4135688
868 0.02372160000004442 6027392
900 0.021715800000038143 6480000
1048 0.03132390000018859 8786432
1264 0.052103900000020076 12781568
1526 0.08837959999982559 18629408
1842 0.23421280000002298 27143712
2222 0.3072078000000147 39498272
2500 0.43125300000019706 50000000
4000 1.157105700000102 128000000
