1 0.00022089999993113452 8
2 0.00011660000018309802 32
3 7.630000027347705e-05 72
4 0.00010259999999107094 128
5 6.110000003900495e-05 200
6 0.0005025000000387081 288
7 0.00025879999975586543 392
9 0.00016349999987141928 648
11 6.589999975403771e-05 968
13 5.610000016531558e-05 1352
16 9.330000011686934e-05 2048
20 0.0005326999998942483 3200
24 9.32000002649147e-05 4608
29 0.00016649999997753184 6728
35 0.0002426999999443069 9800
42 0.0002679999997781124 14112
51 0.00032039999996413826 20808
62 0.0002519999998185085 30752
75 0.00027329999966241303 45000
100 0.00039939999987836927 80000
190 0.0009181999998872925 288800
200 0.0010124999998879503 320000
240 0.0012044999998579442 460800
330 0.0022629999998571293 871200
360 0.03548700000010285 1036800
400 0.0031767000000400003 1280000
490 0.0055797999998503656 1920800
500 0.005473899999742571 2000000
540 0.007579699999951117 2332800
596 0.008896899999854213 2841728
719 0.015169199999945704 4135688
868 0.027128299999731098 6027392
900 0.02976959999978135 6480000
1048 0.0511569000000236 8786432
1264 0.07225460000017847 12781568
1526 0.09117479999986244 18629408
1842 0.18230650000032256 27143712
2222 0.22299530000009327 39498272
2500 0.3984568999999283 50000000
4000 1.1953770000000077 128000000
