1 0.004119300000184012 8
2 0.0002807000000757398 32
3 6.089999988034833e-05 72
4 0.00014220000002751476 128
5 0.00013010000020585721 200
6 0.00012550000019473373 288
7 0.00012269999979253043 392
9 0.00013269999999465654 648
11 5.160000000614673e-05 968
13 0.0001305000000684231 1352
16 0.00015200000007098424 2048
20 0.00015070000017658458 3200
24 0.00015310000026147463 4608
29 0.00022280000030150404 6728
35 0.00032920000012381934 9800
42 0.00025120000009337673 14112
51 0.00028050000037183054 20808
62 0.00034479999976611 30752
75 0.0002776000001176726 45000
100 0.00041880000026139896 80000
190 0.0009175000000141154 288800
200 0.0006336999999803083 320000
240 0.0008831999998619722 460800
330 0.002036100000168517 871200
360 0.0023238000003402703 1036800
400 0.002803200000016659 1280000
490 0.0036052999998901214 1920800
500 0.004373600000235456 2000000
540 0.005051800000273943 2332800
596 0.006284300000061194 2841728
719 0.010201599999618338 4135688
868 0.021353000000090105 6027392
900 0.02241619999995237 6480000
1048 0.033685500000046886 8786432
1264 0.05370709999988321 12781568
1526 0.09965740000006917 18629408
1842 0.14423859999988053 27143712
2222 0.23880760000020018 39498272
2500 0.31672329999992144 50000000
4000 1.089269499999773 128000000
