1 0.004684899999119807 8
2 0.0003632000007200986 32
3 0.0001381999991281191 72
4 0.0001365000007353956 128
5 5.219999911787454e-05 200
6 0.00013450000005832408 288
7 0.00012969999988854397 392
9 0.0001689000000624219 648
11 0.00013179999950807542 968
13 0.0001222000009875046 1352
16 0.0001467000001866836 2048
20 0.00014800000099057797 3200
24 0.00017969999862543773 4608
29 0.00017219999972439837 6728
35 0.0002306000005773967 9800
42 0.00025379999897268135 14112
51 0.00033830000029411167 20808
62 0.0003434999998717103 30752
75 0.0004048999999213265 45000
100 0.0004239999998389976 80000
190 0.0007196000005933456 288800
200 0.0006412000002455898 320000
240 0.000846199998704833 460800
330 0.0015362000012828503 871200
360 0.0016744000004109694 1036800
400 0.002015699999901699 1280000
490 0.0049837999995361315 1920800
500 0.005142399999385816 2000000
540 0.00484630000028119 2332800
596 0.006113400000685942 2841728
719 0.010092300000906107 4135688
868 0.01940879999892786 6027392
900 0.02231720000054338 6480000
1048 0.031640999999581254 8786432
1264 0.05133160000150383 12781568
1526 0.08619680000083463 18629408
1842 0.13739019999957236 27143712
2222 0.2347952999989502 39498272
2500 0.30362089999835007 50000000
4000 1.1227631000001566 128000000
