1 0.006587200001376914 8
2 0.00024870000015653204 32
3 0.00013690000014321413 72
4 0.0001274999995075632 128
5 5.1900000471505336e-05 200
6 0.00012719999904220458 288
7 8.25000006443588e-05 392
9 5.210000017541461e-05 648
11 0.00010119999933522195 968
13 0.00013159999980416615 1352
16 0.00027659999977913685 2048
20 0.0001432999997632578 3200
24 0.0001457999987906078 4608
29 0.0002060999995592283 6728
35 0.0002673999988473952 9800
42 0.00027829999999084976 14112
51 0.00028109999948355835 20808
62 0.00035459999890008476 30752
75 0.00032730000020819716 45000
100 0.00036440000076254364 80000
190 0.0007095000000845175 288800
200 0.0006295000002864981 320000
240 0.0011635999999271007 460800
330 0.001536800000394578 871200
360 0.0016654000010021264 1036800
400 0.0024937999987741932 1280000
490 0.0035947999986092327 1920800
500 0.0035416999999142718 2000000
540 0.004922000000078697 2332800
596 0.006134299999757786 2841728
719 0.01064559999940684 4135688
868 0.019544099999620812 6027392
900 0.021449700001539895 6480000
1048 0.03621159999966039 8786432
1264 0.0856260000000475 12781568
1526 0.10449300000072981 18629408
1842 0.1677099000007729 27143712
2222 0.23049820000051113 39498272
2500 0.5095945000011852 50000000
4000 1.2643805999996403 128000000
