1 0.004693699998824741 8
2 8.130000060191378e-05 32
3 5.0999999075429514e-05 72
4 4.8800000513438135e-05 128
5 0.0001432999997632578 200
6 0.00012849999984609894 288
7 4.810000064026099e-05 392
9 0.00013519999993150122 648
11 5.059999966761097e-05 968
13 0.00013320000107341912 1352
16 0.0001874999998108251 2048
20 0.00016289999985019676 3200
24 0.0001477999994676793 4608
29 0.00016050000158429611 6728
35 0.0002828999986377312 9800
42 0.00031769999986863695 14112
51 0.00035370000114198774 20808
62 0.0003280000000813743 30752
75 0.00045449999925040174 45000
100 0.0004987000011169584 80000
190 0.0008121999999275431 288800
200 0.0006847000004199799 320000
240 0.0008407000004808651 460800
330 0.0020808000008400995 871200
360 0.001670600000579725 1036800
400 0.0020150000000285218 1280000
490 0.004348799999206676 1920800
500 0.0051407000009930925 2000000
540 0.00681810000060068 2332800
596 0.00831319999997504 2841728
719 0.010006700000303681 4135688
868 0.019664600000396604 6027392
900 0.023981399999684072 6480000
1048 0.03168050000022049 8786432
1264 0.05410680000022694 12781568
1526 0.08464740000090387 18629408
1842 0.13633029999982682 27143712
2222 0.23431990000062797 39498272
2500 0.30921370000032766 50000000
4000 1.0959972000000562 128000000
