1 0.004684699999415898 8
2 0.00026199999956588726 32
3 0.0001449999999749707 72
4 0.00013499999840860255 128
5 0.00012070000047970098 200
6 0.00012260000039532315 288
7 5.3499999921768904e-05 392
9 0.0001312000003963476 648
11 0.00012729999980365392 968
13 0.0001202000003104331 1352
16 0.0001551000004837988 2048
20 0.00014540000120177865 3200
24 0.000152900000102818 4608
29 0.00015890000031504314 6728
35 0.0002213000007031951 9800
42 0.00024620000112918206 14112
51 0.0003291000011813594 20808
62 0.0002832000009220792 30752
75 0.00041849999979604036 45000
100 0.0003780999995797174 80000
190 0.0009016000003612135 288800
200 0.0006370000010065269 320000
240 0.0008581999991292832 460800
330 0.0020738000002893386 871200
360 0.00232039999900735 1036800
400 0.0019928000001527835 1280000
490 0.0035363999995752238 1920800
500 0.0035177000008843606 2000000
540 0.004819100000531762 2332800
596 0.006126800000856747 2841728
719 0.01135450000037963 4135688
868 0.023306099999899743 6027392
900 0.0218698000007862 6480000
1048 0.031390600001032 8786432
1264 0.05135270000027958 12781568
1526 0.08361589999913122 18629408
1842 0.14024629999948957 27143712
2222 0.23395700000037323 39498272
2500 0.3038243999999395 50000000
4000 1.0957242999993468 128000000
