1 0.0028204999999843494 8
2 5.570000001853259e-05 32
3 4.630000000815926e-05 72
4 4.820000003746827e-05 128
5 4.4300000013208773e-05 200
6 4.580000000942164e-05 288
7 3.190000001040971e-05 392
9 5.2699999969263445e-05 648
11 4.159999997455088e-05 968
13 4.239999998389976e-05 1352
16 4.639999997380073e-05 2048
20 8.180000003221721e-05 3200
24 0.00014220000002751476 4608
29 0.0001260000000229411 6728
35 0.00012370000001737935 9800
42 0.00011899999998377098 14112
51 0.00018560000000888977 20808
62 0.00039989999999079373 30752
75 0.0004916999999977634 45000
100 0.0005591999999978725 80000
190 0.0012138999999820044 288800
200 0.0011458000000175161 320000
240 0.0019533000000251377 460800
330 0.0030380999999692904 871200
360 0.003849699999989298 1036800
400 0.004999199999986104 1280000
490 0.011829499999976179 1920800
500 0.008261399999980767 2000000
540 0.012166100000001734 2332800
596 0.01785389999997733 2841728
719 0.02873159999995778 4135688
868 0.04539909999999736 6027392
900 0.05177889999998797 6480000
1048 0.07859469999999646 8786432
1264 0.11867910000000848 12781568
1526 0.19735729999996465 18629408
1842 0.3285018000000264 27143712
2222 0.5533512999999743 39498272
2500 0.7405889999999999 50000000
4000 2.68225080000002 128000000
