1 0.002824299999986124 8
2 5.2700000026106864e-05 32
3 3.169999996543993e-05 72
4 3.209999999853608e-05 128
5 2.910000000611035e-05 200
6 3.0200000026070484e-05 288
7 3.089999995609105e-05 392
9 5.340000001297085e-05 648
11 4.280000001699591e-05 968
13 4.139999998642452e-05 1352
16 4.16000000313943e-05 2048
20 9.660000000621949e-05 3200
24 0.00013960000001134176 4608
29 0.00013519999998834464 6728
35 0.0001315999999746964 9800
42 0.0001495999999860942 14112
51 0.00020480000000588916 20808
62 0.0003673999999591615 30752
75 0.00045800000003737296 45000
100 0.0005676000000107706 80000
190 0.001511300000004212 288800
200 0.010342400000013185 320000
240 0.0020539999999868996 460800
330 0.005563499999993837 871200
360 0.004853099999991173 1036800
400 0.006237800000008065 1280000
490 0.012142300000050454 1920800
500 0.011053199999992103 2000000
540 0.013859499999966829 2332800
596 0.024900500000001102 2841728
719 0.03727549999996427 4135688
868 0.059972899999991114 6027392
900 0.07517119999999977 6480000
1048 0.12829529999999068 8786432
1264 0.13243720000002668 12781568
1526 0.2322783000000186 18629408
1842 0.3415312000000199 27143712
2222 0.654570299999989 39498272
2500 0.7504069999999956 50000000
4000 2.704131500000017 128000000
