1 0.0028555000000096697 8
2 0.00025899999997136547 32
3 4.8800000001847366e-05 72
4 4.6499999996285624e-05 128
5 4.470000004630492e-05 200
6 4.73000000056345e-05 288
7 2.9500000039206498e-05 392
9 5.609999999478532e-05 648
11 4.7899999970013596e-05 968
13 4.409999996823899e-05 1352
16 4.279999996015249e-05 2048
20 9.089999997513587e-05 3200
24 0.00013979999999946813 4608
29 0.00012650000002167872 6728
35 0.00012309999999615684 9800
42 0.00012509999999110732 14112
51 0.00018560000000888977 20808
62 0.0003983000000289394 30752
75 0.0004943000000139364 45000
100 0.0005838999999809857 80000
190 0.0012204000000224369 288800
200 0.001186700000005203 320000
240 0.0015521000000262575 460800
330 0.004229900000041198 871200
360 0.003867200000001958 1036800
400 0.006962599999951635 1280000
490 0.010409600000002683 1920800
500 0.008372800000017833 2000000
540 0.012179500000002008 2332800
596 0.017497999999989133 2841728
719 0.028681899999980942 4135688
868 0.04568619999997736 6027392
900 0.05156190000002425 6480000
1048 0.07684720000003153 8786432
1264 0.12087439999999106 12781568
1526 0.19733790000003637 18629408
1842 0.3199337000000355 27143712
2222 0.5650364999999624 39498272
2500 0.8397888999999736 50000000
4000 2.9365222999999787 128000000
