1 0.004677800001445576 8
2 8.139999954437371e-05 32
3 0.00023569999939354602 72
4 5.109999983687885e-05 128
5 4.86999997519888e-05 200
6 0.00013609999950858764 288
7 0.00012550000064948108 392
9 0.00013039999976172112 648
11 0.00013209999997343402 968
13 5.2200000936863944e-05 1352
16 0.00018900000031862874 2048
20 0.00018110000019078143 3200
24 0.00016150000010384247 4608
29 0.00026000000070780516 6728
35 0.0002282999994349666 9800
42 0.0002473999993526377 14112
51 0.0002820999998220941 20808
62 0.00035620000016933773 30752
75 0.0004903000008198433 45000
100 0.0005005000002711313 80000
190 0.0008970999988378026 288800
200 0.0006200999996508472 320000
240 0.0008279999983642483 460800
330 0.0015411000003950903 871200
360 0.002281700000821729 1036800
400 0.002025300000241259 1280000
490 0.0035396999992372002 1920800
500 0.00351550000050338 2000000
540 0.005097400000522612 2332800
596 0.006162900001072558 2841728
719 0.010117100000570645 4135688
868 0.019411999999647378 6027392
900 0.025154099999781465 6480000
1048 0.032076499999675434 8786432
1264 0.05107219999990775 12781568
1526 0.08731560000160243 18629408
1842 0.1378339999992022 27143712
2222 0.2301590999995824 39498272
2500 0.30782170000020415 50000000
4000 1.09066410000014 128000000
