1 0.004721799999970244 8
2 0.00025180000011459924 32
3 5.189999865251593e-05 72
4 0.00013609999950858764 128
5 0.00016519999917363748 200
6 0.00015560000065306667 288
7 0.0001401999998051906 392
9 0.0001391000005241949 648
11 0.00013580000086221844 968
13 0.0001312000003963476 1352
16 0.00016620000133116264 2048
20 0.00013949999993201345 3200
24 0.00011319999975967221 4608
29 0.00014870000086375512 6728
35 0.000261799999861978 9800
42 0.00024309999935212545 14112
51 0.0003507000001263805 20808
62 0.00035879999995813705 30752
75 0.0003944000000046799 45000
100 0.0003780999995797174 80000
190 0.0007175000009738142 288800
200 0.0007375999994110316 320000
240 0.0012989000006200513 460800
330 0.0015991000000212807 871200
360 0.0022788000005675713 1036800
400 0.01546549999875424 1280000
490 0.003569299999071518 1920800
500 0.004222599998684018 2000000
540 0.005223199999818462 2332800
596 0.006158499998491607 2841728
719 0.010059000000183005 4135688
868 0.019812000000456464 6027392
900 0.03525980000085838 6480000
1048 0.04464729999926931 8786432
1264 0.08670200000051409 12781568
1526 0.1646710000004532 18629408
1842 0.14541490000010526 27143712
2222 0.23120700000072247 39498272
2500 0.305557100000442 50000000
4000 1.0876320000006672 128000000
