1 0.00021560000095632859 8
2 0.0004965000007359777 32
3 0.000291599999400205 72
4 7.340000047406647e-05 128
5 6.240000038815197e-05 200
6 5.990000136080198e-05 288
7 6.940000093891285e-05 392
9 0.00017449999904783908 648
11 0.0001578999999765074 968
13 0.00014709999959450215 1352
16 0.00019740000061574392 2048
20 0.00016569999934290536 3200
24 0.00016050000158429611 4608
29 0.00016390000018873252 6728
35 0.00026959999922837596 9800
42 0.00032330000067304354 14112
51 0.0002365000000281725 20808
62 0.0002497000004950678 30752
75 0.0003164999998261919 45000
100 0.0007346000002144137 80000
190 0.001167899999927613 288800
200 0.0010904999999183929 320000
240 0.0019635999997262843 460800
330 0.0023760000003676396 871200
360 0.0035253000005468493 1036800
400 0.008697400000528432 1280000
490 0.0097845000000234 1920800
500 0.02506540000103996 2000000
540 0.00865210000119987 2332800
596 0.01284269999996468 2841728
719 0.020065200000317418 4135688
868 0.048475300000063726 6027392
900 0.03593399999954272 6480000
1048 0.046435700000074576 8786432
1264 0.09742390000064916 12781568
1526 0.16832400000021153 18629408
1842 0.2149565999989136 27143712
2222 0.310027400000763 39498272
2500 0.4143105999992258 50000000
4000 1.4284735000001092 128000000
