1 0.0047232999986590585 8
2 0.0002635000000736909 32
3 0.00014369999917107634 72
4 0.0001298000006499933 128
5 0.00013130000115779694 200
6 0.00012179999976069666 288
7 0.00013079999916953966 392
9 0.00012509999942267314 648
11 0.00012969999988854397 968
13 0.0001311999985773582 1352
16 0.00014039999950909987 2048
20 0.00013860000035492703 3200
24 0.00014759999976377003 4608
29 0.00015590000111842528 6728
35 0.0002285999999003252 9800
42 0.0002476999998179963 14112
51 0.0003265999985160306 20808
62 0.00028390000079525635 30752
75 0.0004040000003442401 45000
100 0.0003654000011010794 80000
190 0.0009033999995153863 288800
200 0.000623400001131813 320000
240 0.0008466999988741009 460800
330 0.0016960000011749798 871200
360 0.002306200000020908 1036800
400 0.0027931000004173256 1280000
490 0.004344700000729063 1920800
500 0.003550100000211387 2000000
540 0.005179199999474804 2332800
596 0.006351699999868288 2841728
719 0.011118500000520726 4135688
868 0.02068870000039169 6027392
900 0.028567800000018906 6480000
1048 0.03286840000146185 8786432
1264 0.05327779999970517 12781568
1526 0.09025680000013381 18629408
1842 0.14442779999990307 27143712
2222 0.2367950000007113 39498272
2500 0.31639130000075966 50000000
4000 1.0963754000003973 128000000
