1 0.004686700000092969 8
2 0.00024510000002919696 32
3 5.189999865251593e-05 72
4 0.000139899999339832 128
5 0.00012849999984609894 200
6 0.00012930000048072543 288
7 0.0001326000001427019 392
9 0.00012760000026901253 648
11 0.00012849999984609894 968
13 0.00013190000026952475 1352
16 7.360000017797574e-05 2048
20 0.00014489999921352137 3200
24 0.00014319999900180846 4608
29 0.00014759999976377003 6728
35 0.00022509999871545006 9800
42 0.0002437999992253026 14112
51 0.0003219999998691492 20808
62 0.00034530000084487256 30752
75 0.00041590000000724103 45000
100 0.00040330000047106296 80000
190 0.000811500000054366 288800
200 0.0006174999998620478 320000
240 0.0008429999998043058 460800
330 0.0020260000001144363 871200
360 0.002258599999549915 1036800
400 0.0020177000005787704 1280000
490 0.003789999998843996 1920800
500 0.003532200000336161 2000000
540 0.00522120000096038 2332800
596 0.006560100000569946 2841728
719 0.010289300000295043 4135688
868 0.019751699999687844 6027392
900 0.02258139999867126 6480000
1048 0.031744500000058906 8786432
1264 0.051700099998925 12781568
1526 0.0891196000011405 18629408
1842 0.13983960000041407 27143712
2222 0.23093189999963215 39498272
2500 0.3222424999985378 50000000
4000 1.1081035999995947 128000000
