1 0.0046934000001783716 8
2 0.0002671999991434859 32
3 5.340000097930897e-05 72
4 0.00012879999849246815 128
5 5.100000089441892e-05 200
6 0.00012929999866173603 288
7 5.290000081004109e-05 392
9 0.00011470000026747584 648
11 4.940000144415535e-05 968
13 0.00013530000069295056 1352
16 0.00018840000120690092 2048
20 0.0001675000003160676 3200
24 0.0001601999992999481 4608
29 0.00016260000120382756 6728
35 0.0002739000010478776 9800
42 0.0002609999992273515 14112
51 0.0003511000013531884 20808
62 0.0003372999999555759 30752
75 0.00030619999961345457 45000
100 0.0003820000001724111 80000
190 0.0006742999994457932 288800
200 0.0006527000005007721 320000
240 0.0008659000013722107 460800
330 0.0015296999990823679 871200
360 0.001664100000198232 1036800
400 0.002007800001592841 1280000
490 0.003551300000253832 1920800
500 0.003526300000885385 2000000
540 0.004796799999894574 2332800
596 0.006146199999420787 2841728
719 0.010092200000144658 4135688
868 0.021184199998970143 6027392
900 0.02241910000157077 6480000
1048 0.03145570000015141 8786432
1264 0.05168549999871175 12781568
1526 0.08412999999927706 18629408
1842 0.1380284999995638 27143712
2222 0.22972950000075798 39498272
2500 0.31026489999931073 50000000
4000 1.0888065999988612 128000000
