1 0.011860860000069806
2 0.0020305100000769017
3 0.00014938999993319158
4 5.9500000133994035e-05
5 5.9389999842096584e-05
6 5.91200001508696e-05
7 6.0760000087611844e-05
9 8.554999994885293e-05
11 7.837000011932105e-05
13 8.714000005056732e-05
16 9.894999993775855e-05
20 0.0001074499999958789
24 0.00016877999987627846
29 0.00020389999999679276
35 0.0004110699997909251
42 0.0003980300000876014
51 0.0005853899999237911
62 0.0007642299999133684
75 0.0009396600000400213
100 0.0016391800000747025
190 0.005487849999917671
200 0.0062737999998716985
240 0.008069540000087727
330 0.01766773999997895
360 0.02128993000005721
400 0.02646740000009231
490 0.043776599999910105
500 0.04555120999984865
540 0.06060249999982261
596 0.07698515000001863
719 0.12467700999986846
868 0.22142220999985512
900 0.24804007000011552
1048 0.36543887999996516
1264 0.6347677900000235
1526 1.1475150600001143
1842 2.0773772499998815
2222 3.8549902400001885
2500 5.320160880000003
4000 21.530774759999893
