1 0.010435859999779496
2 0.00013312999963090987
3 7.522000014432706e-05
4 6.856999980300315e-05
5 7.067999995342688e-05
6 7.554000003437978e-05
7 8.097000027191825e-05
9 7.365999990724959e-05
11 9.01199994586932e-05
13 8.746999983486604e-05
16 9.316000041508233e-05
20 0.00010508000013942365
24 0.00015155999972193968
29 0.00022595999989789562
35 0.0003552499997567793
42 0.00041384000005564305
51 0.0006098799999563198
62 0.0007319399999687448
75 0.0010006200000134413
100 0.001719710000179475
190 0.0056367299997873484
200 0.006297299999914685
240 0.008856480000031298
330 0.01831636000015351
360 0.0230884600000536
400 0.02727250999996613
490 0.04580476000000999
500 0.04646118999989994
540 0.06136405999968701
596 0.0800982899999326
719 0.1314666299998862
868 0.2271580399999948
900 0.2591430299999047
1048 0.38896626000014295
1264 0.6575338999998166
1526 1.187339879999854
1842 2.154733320000014
2222 3.8445097500001792
2500 5.450310330000138
4000 21.78886710000006
