1 0.01037395999992441
2 0.00013288999998621874
3 8.626000008007395e-05
4 7.380000015473342e-05
5 7.646999993085046e-05
6 7.652999993297271e-05
7 7.840000007490744e-05
9 8.66999998834217e-05
11 9.569999992891099e-05
13 0.00010567999988779775
16 0.00010901999994530342
20 0.00012563999998747022
24 0.0001863600001343002
29 0.0002513200000066718
35 0.00029623999998875663
42 0.00037708999998358194
51 0.0005170100001123501
62 0.0005922399998780747
75 0.0007484900001145433
100 0.0011897500000486616
190 0.0034014199996818205
200 0.004088230000070326
240 0.0059338100002605644
330 0.009864889999789739
360 0.01372761000002356
400 0.015662959999826854
490 0.02447050999981002
500 0.025360270000146557
540 0.03207915000011781
596 0.044861440000022415
719 0.0758806699998786
868 0.1196350799999891
900 0.13056334000002606
1048 0.19810033000003385
1264 0.32314653999992515
1526 0.5623205300002155
1842 0.9885587399999167
2222 1.7432351299999937
2500 2.447804720000022
4000 9.815090630000032
