1 0.010482279999996536
2 0.00013526999991881895
3 8.633000006739167e-05
4 7.381999994322541e-05
5 7.506999991164775e-05
6 8.530999994036393e-05
7 8.030999997572507e-05
9 8.449000015389174e-05
11 9.287000011681812e-05
13 9.791000002223882e-05
16 0.0001043700000991521
20 0.0001237899999068759
24 0.00016005999978006003
29 0.0002532699999392207
35 0.0002798600000460283
42 0.00035779000018010265
51 0.0005068399997981033
62 0.0005906000002141809
75 0.0007399500000246917
100 0.0011809500000708796
190 0.003821879999759403
200 0.0039762299999893
240 0.005767509999895992
330 0.010896750000028987
360 0.013399359999857552
400 0.016670739999881334
490 0.02540445999993608
500 0.025412630000118952
540 0.03342211999988649
596 0.04448064000016529
719 0.07624393000005511
868 0.12003451999999015
900 0.13244704000007915
1048 0.19305024999994203
1264 0.3187737600000219
1526 0.5522711799999342
1842 0.9691044299999703
2222 1.7199982799998907
2500 2.3961251299999278
4000 9.827984150000157
