1 0.010568650000095658
2 0.000126030000319588
3 7.538000027125235e-05
4 6.668999976682244e-05
5 6.532000024890294e-05
6 6.553999992320314e-05
7 6.843999981356318e-05
9 8.87700000021141e-05
11 9.229000061168335e-05
13 9.248000005754876e-05
16 9.206999984598952e-05
20 0.0001071499995305203
24 0.00016845999962242786
29 0.00022451000004366505
35 0.00035547000006772576
42 0.00046231999967858426
51 0.000597629999901983
62 0.0007360800000242307
75 0.0010252299998683156
100 0.001679620000140858
190 0.0057045699995796895
200 0.006348700000307872
240 0.009092839999902935
330 0.01885798999992403
360 0.02174583000014536
400 0.028374779999830936
490 0.04554460999970615
500 0.048753209999813404
540 0.06184067000031064
596 0.08255086000026494
719 0.13750773000028857
868 0.24612732999994477
900 0.26670276000058946
1048 0.3883831699997245
1264 0.6902347599998393
1526 1.2092465699997774
1842 2.143832869999642
2222 3.769680060000064
2500 5.476749660000314
4000 21.651342360000307
