1 0.01604536000013468
2 0.007276489999912883
3 0.003287169999930484
4 7.895999988249969e-05
5 7.757000012134085e-05
6 7.814000009602751e-05
7 8.233999988078722e-05
9 8.425999985774978e-05
11 0.00019686000005094683
13 0.00011291999999230029
16 0.00010605000015857513
20 0.00012923000003866035
24 0.0001693100000011327
29 0.00021824000004926346
35 0.0014297799997621042
42 0.0003540599999723781
51 0.0047767100001692596
62 0.0006367100000716164
75 0.0018709699998908035
100 0.0012737899999592627
190 0.005227220000051602
200 0.004356450000159384
240 0.006069409999963682
330 0.010939200000029814
360 0.014168540000173379
400 0.017034380000040983
490 0.02560656999994535
500 0.025329470000087895
540 0.035454840000238616
596 0.0476685700001326
719 0.07558517999968899
868 0.11951499000015246
900 0.13044425999987652
1048 0.1956752499999311
1264 0.3359354400002303
1526 0.5737062699999115
1842 0.970399769999949
2222 1.6975063699999737
2500 2.408262299999933
4000 9.855440960000124
