1 0.010347459999957209
2 0.00013531999975384678
3 8.736000017961487e-05
4 7.582000016554957e-05
5 7.752999999866006e-05
6 7.738999984212569e-05
7 8.034999991650693e-05
9 8.780999987720862e-05
11 9.500999994997983e-05
13 9.851999984675786e-05
16 0.0001137699999162578
20 0.00013953999996374478
24 0.00016994999996313708
29 0.0002581200001259276
35 0.00031783999993422184
42 0.000357350000012957
51 0.0005111899997245928
62 0.0005899900001168134
75 0.0007574400001431059
100 0.0012864299998909701
190 0.004132249999929627
200 0.004111879999891243
240 0.006278740000016114
330 0.011252260000037494
360 0.014397439999993367
400 0.01713122999999541
490 0.02646220999995421
500 0.02592819999990752
540 0.03513880000009521
596 0.04661175999999614
719 0.0780752499999835
868 0.12406987999984267
900 0.13523383000010653
1048 0.20046959999999672
1264 0.3346744799998305
1526 0.563526180000099
1842 0.9809098099999574
2222 1.758502899999894
2500 2.431715970000096
4000 9.982420920000004
