1 0.011295270000027812
2 0.00013771999992968632
3 8.616000013716985e-05
4 7.405999986076495e-05
5 7.6459999945655e-05
6 7.729999979346757e-05
7 8.031999996092055e-05
9 8.48499999847263e-05
11 0.00010398999993412871
13 9.821000003285008e-05
16 0.00010641000017130864
20 0.0001386000001730281
24 0.00017578000015419092
29 0.00024365000008401693
35 0.00028035999994244774
42 0.0003478699999504897
51 0.0004982499999641732
62 0.0005824900001243805
75 0.0007396500001050299
100 0.0012862000000495755
190 0.004052819999924395
200 0.004004090000034921
240 0.005603690000043571
330 0.011105639999914273
360 0.014032269999825075
400 0.016177380000135598
490 0.024550819999694794
500 0.024754759999996167
540 0.03402301999994961
596 0.04239908999998079
719 0.07427611999992223
868 0.11645242000013241
900 0.12919629999996687
1048 0.18646643000001858
1264 0.3121547199998531
1526 0.5357627399999728
1842 0.9456805499998154
2222 1.6848519000000124
2500 2.4378153099999507
4000 9.820922730000074
