1 0.010529430000042339
2 0.00012825999983760993
3 6.846999995104852e-05
4 6.174000009195879e-05
5 6.0350000057951544e-05
6 6.060999994588201e-05
7 6.031000002622022e-05
9 6.447000005209702e-05
11 8.046000002650544e-05
13 0.00010099999990416108
16 8.843999994496698e-05
20 9.737999989738455e-05
24 0.00016298999989885487
29 0.000192340000103286
35 0.00032172999999602325
42 0.00038910000021132876
51 0.0005809300000692019
62 0.0007238499999402848
75 0.0009650199999668985
100 0.001688439999907132
190 0.005445690000124159
200 0.00643078000002788
240 0.008541880000029778
330 0.01732110000002649
360 0.020246420000057698
400 0.025774509999973817
490 0.04215928000012355
500 0.046502629999940835
540 0.057946400000037104
596 0.07890589999997247
719 0.12684131000005436
868 0.2290484599998308
900 0.2452947899998435
1048 0.3670182700000623
1264 0.6335740300001816
1526 1.1488484399998924
1842 2.0622274400001515
2222 3.864922170000045
2500 5.4424030500000296
4000 21.54946465999992
